0 3455
1 2081
2 1372
3 3971
4 2509
5 57
6 4320
7 3390
8 2265
9 3108
10 2772
11 4439
12 2594
13 3874
14 3812
15 271
16 762
17 2221
18 490
19 3213
20 2458
21 0
22 1706
23 1649
24 326
25 597
26 3258
27 3120
28 3539
29 3025
30 3529
31 535
32 615
33 2054
34 2571
35 1099
36 3100
37 3305
38 2688
39 2696
40 4026
41 997
42 3940
43 2970
44 3894
45 3158
46 2514
47 2429
48 573
49 1748
50 2792
51 2763
52 2128
53 1015
54 4063
55 1067
56 72
57 4095
58 2997
59 1410
60 3583
61 3259
62 1636
63 1968
64 2663
65 1753
66 2184
67 3678
68 4455
69 2528
70 3293
71 1893
72 3106
73 2803
74 91
75 2744
76 4382
77 33
78 990
79 3820
80 2453
81 1044
82 147
83 2255
84 455
85 4127
86 132
87 2086
88 1028
89 2992
90 2080
91 2823
92 266
93 4184
94 2041
95 2660
96 2416
97 4175
98 1605
99 2511
100 3702
101 1550
102 3399
103 3257
104 3089
105 4261
106 2981
107 3153
108 4474
109 2276
110 3056
111 3788
112 4096
113 1321
114 810
115 4144
116 2597
117 1035
118 4231
119 4
120 1719
121 2318
122 2550
123 2841
124 776
125 2724
126 129
127 2434
128 2420
129 3362
130 1385
131 449
132 2060
133 2682
134 1578
135 3033
136 2091
137 3271
138 112
139 3596
140 1357
141 1062
142 2305
143 1254
144 2450
145 1452
146 2540
147 2245
148 3537
149 3420
150 2171
151 3612
152 4150
153 4165
154 3222
155 4003
156 1140
157 4434
158 304
159 3017
160 928
161 4101
162 1277
163 3511
164 2698
165 1489
166 88
167 3364
168 1463
169 2447
170 1620
171 3857
172 1406
173 1470
174 2042
175 2504
176 335
177 2956
178 3715
179 22
180 7
181 2747
182 1898
183 739
184 217
185 2984
186 3323
187 1013
188 3026
189 1837
190 2121
191 3884
192 3926
193 3398
194 185
195 1896
196 2161
197 610
198 2818
199 804
200 826
201 677
202 901
203 920
204 4085
205 3093
206 4487
207 1728
208 4470
209 3382
210 584
211 1763
212 3473
213 3064
214 1810
215 1863
216 3758
217 1260
218 1483
219 642
220 2880
221 4116
222 3723
223 2180
224 4359
225 3016
226 1497
227 1017
228 868
229 3279
230 3344
231 764
232 1828
233 3045
234 671
235 337
236 3605
237 613
238 659
239 971
240 403
241 2023
242 4371
243 285
244 1194
245 197
246 461
247 1373
248 1468
249 3992
250 2670
251 127
252 15
253 4203
254 470
255 3233
256 1909
257 917
258 3688
259 184
260 1523
261 3236
262 1176
263 1984
264 985
265 3833
266 60
267 3489
268 2282
269 3419
270 4523
271 2608
272 3060
273 73
274 1520
275 4332
276 113
277 3948
278 24
279 786
280 121
281 4083
282 3912
283 4137
284 3151
285 4423
286 3206
287 4307
288 3058
289 1228
290 3359
291 4040
292 651
293 4374
294 2662
295 368
296 1221
297 4480
298 2365
299 551
300 3173
301 967
302 1548
303 2269
304 3078
305 1312
306 69
307 153
308 3129
309 4290
310 1517
311 4279
312 2134
313 1039
314 3831
315 2486
316 2290
317 1158
318 4520
319 1438
320 2968
321 347
322 4011
323 2998
324 2313
325 4549
326 419
327 13
328 4448
329 2300
330 3021
331 1375
332 3490
333 2292
334 2045
335 3226
336 2833
337 1143
338 1376
339 1559
340 3564
341 2074
342 4082
343 1532
344 1537
345 4528
346 1777
347 3019
348 2326
349 322
350 4385
351 162
352 3084
353 3285
354 3665
355 4379
356 2367
357 4156
358 3453
359 3001
360 3896
361 501
362 3836
363 3773
364 2352
365 1269
366 1179
367 566
368 3904
369 648
370 2551
371 3300
372 1940
373 3647
374 3457
375 3559
376 190
377 354
378 1727
379 4478
380 2659
381 1958
382 2764
383 3341
384 993
385 945
386 3868
387 4172
388 1308
389 1427
390 2636
391 1571
392 4236
393 1589
394 572
395 4021
396 770
397 3439
398 539
399 248
400 2941
401 2673
402 690
403 3424
404 1560
405 828
406 1700
407 763
408 3780
409 2719
410 845
411 2683
412 3500
413 4500
414 2329
415 2142
416 3958
417 2558
418 3204
419 2627
420 1867
421 2315
422 840
423 784
424 507
425 2299
426 1202
427 3274
428 3561
429 49
430 371
431 3932
432 668
433 2674
434 3636
435 3217
436 2192
437 908
438 4163
439 3804
440 351
441 4531
442 4432
443 4222
444 19
445 3870
446 3218
447 2630
448 2979
449 2553
450 2692
451 3092
452 3637
453 1059
454 487
455 1547
456 2869
457 2194
458 182
459 475
460 2129
461 2935
462 150
463 325
464 1414
465 56
466 847
467 2357
468 3676
469 2746
470 1183
471 4044
472 3449
473 3160
474 395
475 2533
476 3282
477 1247
478 2385
479 4131
480 1629
481 102
482 1104
483 3036
484 4498
485 1000
486 1235
487 4036
488 2436
489 4269
490 3843
491 2030
492 1409
493 3333
494 3148
495 2516
496 665
497 2239
498 4241
499 3184
500 1820
501 1821
502 1822
503 1823
504 1824
505 1825
506 1826
507 1827
508 1829
509 1830
510 1831
511 1832
512 1833
513 1834
514 1835
515 1836
516 316
517 1839
518 1840
519 1841
520 1842
521 1843
522 1844
523 1845
524 1846
525 1847
526 1848
527 1849
528 1850
529 1851
530 1852
531 1853
532 1854
533 1855
534 1856
535 1857
536 1858
537 1859
538 1860
539 1861
540 1862
541 1864
542 1865
543 1866
544 1868
545 1869
546 1870
547 1871
548 1872
549 1873
550 1874
551 1875
552 1876
553 1877
554 1878
555 1879
556 1880
557 1881
558 1882
559 1883
560 1884
561 1885
562 1886
563 1887
564 1888
565 1889
566 1890
567 1891
568 1892
569 1894
570 1895
571 1897
572 1899
573 1900
574 1901
575 1902
576 1903
577 1904
578 1905
579 1906
580 1907
581 1908
582 1910
583 1911
584 1912
585 1913
586 1914
587 1915
588 1916
589 1917
590 1918
591 1919
592 1920
593 1921
594 1922
595 1923
596 1924
597 1925
598 1926
599 1927
600 1928
601 1929
602 1930
603 1931
604 1932
605 1933
606 1934
607 1935
608 317
609 1937
610 1938
611 1939
612 1941
613 1942
614 1943
615 1944
616 1945
617 1946
618 1947
619 1948
620 1949
621 1950
622 1951
623 1952
624 1953
625 1954
626 1955
627 1956
628 318
629 1959
630 1960
631 1961
632 1962
633 319
634 1964
635 1965
636 320
637 1967
638 1969
639 1970
640 1971
641 1972
642 1973
643 1974
644 1975
645 1976
646 1977
647 1978
648 1979
649 1980
650 1981
651 1982
652 1983
653 1985
654 1986
655 1987
656 1988
657 1989
658 1990
659 1991
660 1992
661 1993
662 1994
663 321
664 1996
665 1997
666 1998
667 1999
668 2000
669 2001
670 2002
671 2003
672 2004
673 2005
674 2006
675 2007
676 2008
677 2009
678 2010
679 2011
680 2012
681 2013
682 2014
683 323
684 2016
685 324
686 2018
687 2019
688 2020
689 2021
690 2022
691 2024
692 2025
693 2026
694 2027
695 2028
696 2029
697 327
698 2032
699 2033
700 2034
701 2035
702 2036
703 2037
704 2038
705 2039
706 2040
707 2043
708 328
709 2046
710 2047
711 2048
712 2049
713 2050
714 2051
715 2052
716 2053
717 2055
718 2056
719 2057
720 2058
721 2059
722 2061
723 2062
724 2063
725 329
726 2065
727 2066
728 2067
729 2068
730 330
731 2070
732 2071
733 2072
734 2073
735 2075
736 2076
737 2077
738 2078
739 2079
740 2082
741 2083
742 2084
743 2085
744 2087
745 2088
746 2089
747 2090
748 2092
749 2093
750 2094
751 2095
752 2096
753 2097
754 2098
755 2099
756 2100
757 2101
758 2102
759 2103
760 2104
761 2105
762 331
763 2107
764 2108
765 2109
766 2110
767 2111
768 2112
769 2113
770 2114
771 2115
772 2116
773 2117
774 2118
775 2119
776 2120
777 2122
778 2123
779 2124
780 2125
781 2126
782 2127
783 2130
784 2131
785 2132
786 2133
787 2135
788 2136
789 2137
790 2138
791 2139
792 332
793 2141
794 2143
795 2144
796 2145
797 2146
798 2147
799 2148
800 2149
801 2150
802 2151
803 2152
804 2153
805 2154
806 2155
807 2156
808 2157
809 2158
810 2159
811 2160
812 2162
813 2163
814 2164
815 2165
816 2166
817 2167
818 2168
819 2169
820 2170
821 2172
822 2173
823 2174
824 2175
825 2176
826 2177
827 2178
828 2179
829 2181
830 2182
831 2183
832 2185
833 2186
834 2187
835 2188
836 2189
837 2190
838 2191
839 2193
840 2195
841 2196
842 2197
843 2198
844 2199
845 2200
846 2201
847 2202
848 2203
849 2204
850 2205
851 2206
852 2207
853 2208
854 2209
855 2210
856 2211
857 2212
858 2213
859 2214
860 2215
861 2216
862 2217
863 2218
864 2219
865 2220
866 2222
867 2223
868 2224
869 2225
870 2226
871 2227
872 2228
873 2229
874 2230
875 2231
876 333
877 2233
878 2234
879 2235
880 2236
881 2237
882 2238
883 2240
884 2241
885 2242
886 2243
887 2244
888 2246
889 2247
890 2248
891 2249
892 2250
893 2251
894 2252
895 2253
896 2254
897 2256
898 2257
899 2258
900 2259
901 2260
902 2261
903 2262
904 2263
905 2264
906 2266
907 2267
908 2268
909 2270
910 2271
911 2272
912 2273
913 334
914 2275
915 2277
916 2278
917 2279
918 2280
919 2281
920 2283
921 2284
922 2285
923 2286
924 2287
925 2288
926 2289
927 2291
928 2293
929 2294
930 336
931 2296
932 2297
933 2298
934 2301
935 2302
936 2303
937 2304
938 2306
939 2307
940 2308
941 2309
942 338
943 339
944 2312
945 2314
946 2316
947 2317
948 2319
949 2320
950 2321
951 2322
952 2323
953 2324
954 2325
955 2327
956 2328
957 340
958 2331
959 2332
960 2333
961 2334
962 2335
963 2336
964 2337
965 2338
966 2339
967 2340
968 2341
969 2342
970 2343
971 2344
972 2345
973 2346
974 2347
975 2348
976 2349
977 2350
978 2351
979 2353
980 2354
981 2355
982 2356
983 2358
984 2359
985 2360
986 2361
987 2362
988 2363
989 2364
990 2366
991 2368
992 2369
993 2370
994 2371
995 2372
996 2373
997 2374
998 2375
999 2376
1000 2377
1001 2378
1002 341
1003 2380
1004 2381
1005 2382
1006 2383
1007 2384
1008 2386
1009 2387
1010 2388
1011 2389
1012 2390
1013 2391
1014 342
1015 2393
1016 2394
1017 343
1018 344
1019 2397
1020 2398
1021 2399
1022 2400
1023 2401
1024 2402
1025 2403
1026 2404
1027 2405
1028 345
1029 2407
1030 2408
1031 2409
1032 2410
1033 2411
1034 2412
1035 2413
1036 2414
1037 2415
1038 2417
1039 2418
1040 2419
1041 2421
1042 2422
1043 2423
1044 2424
1045 2425
1046 2426
1047 2427
1048 2428
1049 2430
1050 2431
1051 2432
1052 2433
1053 2435
1054 2437
1055 2438
1056 2439
1057 2440
1058 2441
1059 2442
1060 2443
1061 2444
1062 2445
1063 2446
1064 2448
1065 2449
1066 2451
1067 2452
1068 2454
1069 2455
1070 2456
1071 2457
1072 2459
1073 2460
1074 2461
1075 2462
1076 2463
1077 2464
1078 2465
1079 2466
1080 2467
1081 2468
1082 346
1083 2470
1084 2471
1085 2472
1086 2473
1087 2474
1088 2475
1089 348
1090 2477
1091 2478
1092 2479
1093 2480
1094 2481
1095 2482
1096 2483
1097 2484
1098 2485
1099 2487
1100 349
1101 2489
1102 2490
1103 2491
1104 2492
1105 2493
1106 2494
1107 2495
1108 2496
1109 2497
1110 2498
1111 2499
1112 2500
1113 350
1114 2502
1115 2503
1116 2505
1117 2506
1118 2507
1119 352
1120 2510
1121 2512
1122 2513
1123 2515
1124 2517
1125 2518
1126 2519
1127 353
1128 2521
1129 2522
1130 2523
1131 2524
1132 2525
1133 2526
1134 2527
1135 2529
1136 2530
1137 2531
1138 2532
1139 2534
1140 2535
1141 2536
1142 2537
1143 2538
1144 2539
1145 2541
1146 2542
1147 2543
1148 2544
1149 2545
1150 2546
1151 355
1152 2548
1153 2549
1154 2552
1155 2554
1156 2555
1157 2556
1158 2557
1159 356
1160 2560
1161 2561
1162 2562
1163 2563
1164 2564
1165 2565
1166 2566
1167 2567
1168 2568
1169 2569
1170 2570
1171 2572
1172 2573
1173 2574
1174 2575
1175 2576
1176 2577
1177 2578
1178 2579
1179 2580
1180 2581
1181 2582
1182 2583
1183 2584
1184 2585
1185 2586
1186 2587
1187 2588
1188 2589
1189 357
1190 358
1191 2592
1192 2593
1193 2595
1194 2596
1195 2598
1196 2599
1197 2600
1198 2601
1199 2602
1200 2603
1201 2604
1202 2605
1203 359
1204 2607
1205 2609
1206 2610
1207 2611
1208 2612
1209 2613
1210 2614
1211 2615
1212 2616
1213 2617
1214 2618
1215 2619
1216 2620
1217 2621
1218 2622
1219 2623
1220 2624
1221 2625
1222 2626
1223 2628
1224 2629
1225 2631
1226 2632
1227 2633
1228 2634
1229 2635
1230 2637
1231 2638
1232 360
1233 2640
1234 2641
1235 2642
1236 2643
1237 2644
1238 2645
1239 2646
1240 2647
1241 2648
1242 2649
1243 2650
1244 2651
1245 2652
1246 2653
1247 2654
1248 2655
1249 2656
1250 2657
1251 2658
1252 2661
1253 2664
1254 2665
1255 2666
1256 2667
1257 2668
1258 2669
1259 2671
1260 2672
1261 2675
1262 2676
1263 2677
1264 2678
1265 2679
1266 2680
1267 2681
1268 2684
1269 2685
1270 2686
1271 2687
1272 2689
1273 2690
1274 2691
1275 2693
1276 2694
1277 2695
1278 2697
1279 2699
1280 2700
1281 2701
1282 2702
1283 2703
1284 2704
1285 2705
1286 2706
1287 2707
1288 2708
1289 2709
1290 2710
1291 2711
1292 2712
1293 2713
1294 2714
1295 2715
1296 2716
1297 2717
1298 2718
1299 2720
1300 2721
1301 2722
1302 2723
1303 2725
1304 2726
1305 2727
1306 2728
1307 2729
1308 2730
1309 2731
1310 2732
1311 2733
1312 2734
1313 2735
1314 2736
1315 2737
1316 2738
1317 2739
1318 2740
1319 2741
1320 2742
1321 2743
1322 2745
1323 2748
1324 2749
1325 361
1326 2751
1327 2752
1328 2753
1329 2754
1330 2755
1331 2756
1332 2757
1333 2758
1334 2759
1335 2760
1336 2761
1337 2762
1338 2765
1339 2766
1340 2767
1341 2768
1342 2769
1343 2770
1344 2771
1345 2773
1346 2774
1347 2775
1348 2776
1349 2777
1350 2778
1351 2779
1352 2780
1353 2781
1354 2782
1355 2783
1356 362
1357 2785
1358 2786
1359 363
1360 364
1361 2789
1362 2790
1363 2791
1364 365
1365 2794
1366 2795
1367 2796
1368 2797
1369 2798
1370 2799
1371 2800
1372 2801
1373 2802
1374 2804
1375 2805
1376 2806
1377 2807
1378 2808
1379 2809
1380 2810
1381 2811
1382 2812
1383 2813
1384 2814
1385 2815
1386 2816
1387 2817
1388 2819
1389 2820
1390 2821
1391 2822
1392 2824
1393 2825
1394 2826
1395 2827
1396 2828
1397 2829
1398 2830
1399 2831
1400 2832
1401 2834
1402 2835
1403 2836
1404 2837
1405 2838
1406 2839
1407 2840
1408 2842
1409 2843
1410 2844
1411 2845
1412 2846
1413 2847
1414 2848
1415 366
1416 2850
1417 2851
1418 2852
1419 2853
1420 2854
1421 2855
1422 2856
1423 2857
1424 2858
1425 2859
1426 367
1427 2861
1428 2862
1429 2863
1430 2864
1431 2865
1432 369
1433 370
1434 2868
1435 2870
1436 2871
1437 2872
1438 2873
1439 2874
1440 2875
1441 2876
1442 2877
1443 2878
1444 2879
1445 2881
1446 2882
1447 2883
1448 2884
1449 2885
1450 2886
1451 2887
1452 372
1453 2889
1454 2890
1455 2891
1456 2892
1457 2893
1458 2894
1459 2895
1460 2896
1461 2897
1462 2898
1463 2899
1464 2900
1465 2901
1466 2902
1467 2903
1468 2904
1469 2905
1470 2906
1471 2907
1472 2908
1473 2909
1474 2910
1475 2911
1476 2912
1477 2913
1478 2914
1479 2915
1480 2916
1481 2917
1482 2918
1483 2919
1484 2920
1485 2921
1486 2922
1487 2923
1488 2924
1489 2925
1490 2926
1491 2927
1492 2928
1493 2929
1494 2930
1495 2931
1496 2932
1497 2933
1498 2934
1499 2936
1500 2937
1501 2938
1502 2939
1503 2940
1504 2942
1505 2943
1506 2944
1507 2945
1508 2946
1509 2947
1510 2948
1511 2949
1512 2950
1513 2951
1514 2952
1515 2953
1516 2954
1517 2955
1518 2957
1519 2958
1520 373
1521 2960
1522 2961
1523 2962
1524 2963
1525 2964
1526 2965
1527 2966
1528 2967
1529 2969
1530 2971
1531 2972
1532 2973
1533 2974
1534 2975
1535 2976
1536 2977
1537 2978
1538 2980
1539 2982
1540 2983
1541 2985
1542 2986
1543 2987
1544 2988
1545 2989
1546 2990
1547 2991
1548 2993
1549 2994
1550 2995
1551 2996
1552 2999
1553 3000
1554 3002
1555 3003
1556 3004
1557 3005
1558 3006
1559 3007
1560 3008
1561 3009
1562 3010
1563 3011
1564 3012
1565 3013
1566 3014
1567 374
1568 3018
1569 3020
1570 3022
1571 3023
1572 3024
1573 3027
1574 3028
1575 3029
1576 3030
1577 3031
1578 3032
1579 3034
1580 3035
1581 3037
1582 3038
1583 3039
1584 3040
1585 3041
1586 3042
1587 3043
1588 3044
1589 3046
1590 3047
1591 3048
1592 3049
1593 3050
1594 3051
1595 3052
1596 4516
1597 3053
1598 3054
1599 3055
1600 3057
1601 3059
1602 3061
1603 3062
1604 375
1605 3065
1606 3066
1607 3067
1608 376
1609 3069
1610 377
1611 378
1612 3072
1613 3073
1614 3074
1615 3075
1616 379
1617 3077
1618 3079
1619 3080
1620 3081
1621 380
1622 3083
1623 3085
1624 3086
1625 3087
1626 3088
1627 3090
1628 3091
1629 3094
1630 3095
1631 3096
1632 3097
1633 3098
1634 3099
1635 3101
1636 3102
1637 3103
1638 3104
1639 3105
1640 3107
1641 3109
1642 3110
1643 3111
1644 3112
1645 3113
1646 3114
1647 3115
1648 3116
1649 3117
1650 381
1651 3119
1652 3121
1653 3122
1654 3123
1655 3124
1656 3125
1657 3126
1658 3127
1659 3128
1660 3130
1661 382
1662 3132
1663 3133
1664 383
1665 3135
1666 384
1667 3137
1668 3138
1669 3139
1670 3140
1671 3141
1672 3142
1673 385
1674 3144
1675 3145
1676 3146
1677 3147
1678 3149
1679 3150
1680 3152
1681 3154
1682 3155
1683 3156
1684 3157
1685 3159
1686 386
1687 3162
1688 3163
1689 3164
1690 3165
1691 3166
1692 3167
1693 387
1694 3169
1695 3170
1696 388
1697 389
1698 3174
1699 3175
1700 390
1701 3177
1702 3178
1703 3179
1704 3180
1705 3181
1706 3182
1707 3183
1708 3185
1709 3186
1710 3187
1711 3188
1712 3189
1713 3190
1714 3191
1715 3192
1716 3193
1717 3194
1718 3195
1719 3196
1720 3197
1721 3198
1722 3199
1723 3200
1724 3201
1725 3202
1726 3203
1727 3205
1728 3207
1729 3208
1730 391
1731 3210
1732 3211
1733 3212
1734 3214
1735 3215
1736 3216
1737 3219
1738 3220
1739 3221
1740 3223
1741 3224
1742 3225
1743 3227
1744 3228
1745 3229
1746 3230
1747 3231
1748 3232
1749 3234
1750 3235
1751 3237
1752 3238
1753 3239
1754 3240
1755 3241
1756 3242
1757 3243
1758 3244
1759 3245
1760 3246
1761 3247
1762 3248
1763 3249
1764 3250
1765 392
1766 3252
1767 3253
1768 3254
1769 3255
1770 3256
1771 3260
1772 3261
1773 3262
1774 393
1775 3264
1776 3265
1777 3266
1778 3267
1779 3268
1780 3269
1781 394
1782 3272
1783 3273
1784 3275
1785 3276
1786 3277
1787 3278
1788 3280
1789 3281
1790 3283
1791 3284
1792 3286
1793 3287
1794 3288
1795 3289
1796 3290
1797 3291
1798 396
1799 3294
1800 3295
1801 3296
1802 3297
1803 397
1804 3299
1805 3301
1806 3302
1807 3303
1808 3304
1809 3306
1810 3307
1811 3308
1812 3309
1813 3310
1814 3311
1815 3312
1816 3313
1817 3314
1818 398
1819 3316
1820 3317
1821 3318
1822 3319
1823 3320
1824 3321
1825 3322
1826 3324
1827 3325
1828 3326
1829 3327
1830 3328
1831 3329
1832 3330
1833 3331
1834 3332
1835 3334
1836 3335
1837 3336
1838 3337
1839 3338
1840 3339
1841 3340
1842 3342
1843 3343
1844 3345
1845 3346
1846 3347
1847 3348
1848 3349
1849 3350
1850 3351
1851 3352
1852 3353
1853 3354
1854 3355
1855 3356
1856 3357
1857 399
1858 400
1859 3361
1860 3363
1861 3365
1862 3366
1863 3367
1864 3368
1865 3369
1866 3370
1867 3371
1868 3372
1869 3373
1870 3374
1871 3375
1872 3376
1873 3377
1874 3378
1875 3379
1876 3380
1877 3381
1878 3383
1879 401
1880 3385
1881 3386
1882 3387
1883 3388
1884 3389
1885 3391
1886 3392
1887 3393
1888 3394
1889 3395
1890 3396
1891 3397
1892 3400
1893 3401
1894 3402
1895 3403
1896 3404
1897 3405
1898 3406
1899 3407
1900 3408
1901 3409
1902 3410
1903 3411
1904 3412
1905 3413
1906 3414
1907 3415
1908 3416
1909 3417
1910 3418
1911 3421
1912 402
1913 3423
1914 3425
1915 3426
1916 3427
1917 3428
1918 3429
1919 3430
1920 3431
1921 404
1922 3433
1923 3434
1924 3435
1925 3436
1926 3437
1927 3438
1928 3440
1929 3441
1930 3442
1931 3443
1932 405
1933 3445
1934 3446
1935 3447
1936 3448
1937 3450
1938 3451
1939 3452
1940 3454
1941 3456
1942 3458
1943 3459
1944 3460
1945 3461
1946 3462
1947 3463
1948 406
1949 407
1950 3466
1951 3467
1952 3468
1953 3469
1954 3470
1955 3471
1956 3472
1957 3474
1958 3475
1959 3476
1960 3477
1961 3478
1962 3479
1963 3480
1964 3481
1965 3482
1966 3483
1967 3484
1968 3485
1969 3486
1970 3487
1971 3488
1972 3491
1973 3492
1974 3493
1975 3494
1976 3495
1977 3496
1978 3497
1979 408
1980 3499
1981 3501
1982 409
1983 3503
1984 3504
1985 410
1986 3506
1987 3507
1988 411
1989 3509
1990 3510
1991 3512
1992 3513
1993 3514
1994 3515
1995 3516
1996 3517
1997 3518
1998 3519
1999 3520
2000 3521
2001 3522
2002 3523
2003 3524
2004 412
2005 3526
2006 3527
2007 3528
2008 3530
2009 3531
2010 3532
2011 3533
2012 3534
2013 3535
2014 3536
2015 3538
2016 3540
2017 3541
2018 3542
2019 3543
2020 3544
2021 3545
2022 3546
2023 3547
2024 3548
2025 3549
2026 3550
2027 3551
2028 3552
2029 3553
2030 3554
2031 3555
2032 3556
2033 3557
2034 3558
2035 3560
2036 3562
2037 3563
2038 3565
2039 3566
2040 3567
2041 3568
2042 3569
2043 3570
2044 3571
2045 3572
2046 3573
2047 3574
2048 413
2049 3576
2050 3577
2051 3578
2052 3579
2053 3580
2054 3581
2055 3582
2056 3584
2057 3585
2058 3586
2059 3587
2060 3588
2061 3589
2062 3590
2063 3591
2064 3592
2065 3593
2066 3594
2067 3595
2068 3597
2069 3598
2070 3599
2071 3600
2072 3601
2073 3602
2074 3603
2075 3604
2076 3606
2077 3607
2078 3608
2079 3609
2080 3610
2081 3611
2082 3613
2083 3614
2084 3615
2085 3616
2086 3617
2087 3618
2088 3619
2089 3620
2090 3621
2091 3622
2092 3623
2093 3624
2094 3625
2095 3626
2096 3627
2097 3628
2098 414
2099 3630
2100 3631
2101 3632
2102 3633
2103 3634
2104 3635
2105 3638
2106 3639
2107 3640
2108 415
2109 3642
2110 3643
2111 3644
2112 3645
2113 3646
2114 416
2115 3649
2116 3650
2117 3651
2118 3652
2119 3653
2120 3654
2121 3655
2122 3656
2123 3657
2124 3658
2125 3659
2126 3660
2127 3661
2128 3662
2129 3663
2130 3664
2131 3666
2132 3667
2133 3668
2134 3669
2135 3670
2136 3671
2137 3672
2138 3673
2139 3674
2140 3675
2141 3677
2142 3679
2143 3680
2144 3681
2145 3682
2146 3683
2147 417
2148 3685
2149 3686
2150 3687
2151 418
2152 3690
2153 3691
2154 3692
2155 420
2156 3694
2157 3695
2158 3696
2159 3697
2160 421
2161 3699
2162 3700
2163 3701
2164 3703
2165 3704
2166 3705
2167 3706
2168 3707
2169 3708
2170 3709
2171 3710
2172 3711
2173 422
2174 3713
2175 3714
2176 423
2177 3717
2178 3718
2179 3719
2180 3720
2181 3721
2182 3722
2183 3724
2184 3725
2185 3726
2186 3727
2187 3728
2188 3729
2189 3730
2190 3731
2191 3732
2192 3733
2193 3734
2194 3735
2195 3736
2196 3737
2197 3738
2198 3739
2199 3740
2200 3741
2201 3742
2202 3743
2203 3744
2204 3745
2205 3746
2206 3747
2207 3748
2208 3749
2209 3750
2210 3751
2211 3752
2212 3753
2213 424
2214 425
2215 3756
2216 3757
2217 3759
2218 3760
2219 3761
2220 3762
2221 3763
2222 3764
2223 3765
2224 3766
2225 3767
2226 3768
2227 3769
2228 3770
2229 3771
2230 3772
2231 3774
2232 3775
2233 3776
2234 3777
2235 3778
2236 3779
2237 3781
2238 3782
2239 3783
2240 3784
2241 3785
2242 3786
2243 3787
2244 3789
2245 3790
2246 426
2247 3792
2248 3793
2249 3794
2250 3795
2251 3796
2252 3797
2253 3798
2254 3799
2255 3800
2256 3801
2257 3802
2258 427
2259 3805
2260 3806
2261 3807
2262 3808
2263 3809
2264 3810
2265 3811
2266 3813
2267 3814
2268 3815
2269 3816
2270 3817
2271 3818
2272 3819
2273 3821
2274 3822
2275 3823
2276 3824
2277 3825
2278 3826
2279 3827
2280 3828
2281 3829
2282 3830
2283 3832
2284 3834
2285 3835
2286 3837
2287 3838
2288 3839
2289 3840
2290 3841
2291 3842
2292 3844
2293 3845
2294 3846
2295 3847
2296 3848
2297 3849
2298 3850
2299 3851
2300 3852
2301 3853
2302 3854
2303 3855
2304 428
2305 3858
2306 3859
2307 3860
2308 3861
2309 3862
2310 3863
2311 3864
2312 3865
2313 3866
2314 3867
2315 3869
2316 3871
2317 3872
2318 3873
2319 3875
2320 3876
2321 3877
2322 429
2323 3879
2324 3880
2325 3881
2326 3882
2327 3883
2328 3885
2329 3886
2330 3887
2331 3888
2332 3889
2333 430
2334 3891
2335 3892
2336 3893
2337 3895
2338 3897
2339 3898
2340 3899
2341 3900
2342 3901
2343 431
2344 3903
2345 3905
2346 3906
2347 3907
2348 3908
2349 3909
2350 3910
2351 3911
2352 3913
2353 3914
2354 3915
2355 3916
2356 3917
2357 3918
2358 3919
2359 3920
2360 3921
2361 3922
2362 3923
2363 3924
2364 3925
2365 3927
2366 3928
2367 3929
2368 3930
2369 3931
2370 3933
2371 3934
2372 432
2373 3936
2374 3937
2375 3938
2376 3939
2377 3941
2378 3942
2379 3943
2380 433
2381 3945
2382 3946
2383 3947
2384 3949
2385 3950
2386 3951
2387 3952
2388 434
2389 3954
2390 3955
2391 435
2392 3957
2393 3959
2394 3960
2395 3961
2396 3962
2397 3963
2398 3964
2399 3965
2400 3966
2401 3967
2402 436
2403 3969
2404 3970
2405 3972
2406 3973
2407 3974
2408 3975
2409 3976
2410 3977
2411 3978
2412 3979
2413 3980
2414 3981
2415 437
2416 3983
2417 3984
2418 3985
2419 3986
2420 3987
2421 3988
2422 3989
2423 3990
2424 3991
2425 3993
2426 3994
2427 3995
2428 3996
2429 3997
2430 3998
2431 3999
2432 4000
2433 4001
2434 4002
2435 4004
2436 4005
2437 4006
2438 4007
2439 4008
2440 4009
2441 4010
2442 4012
2443 4013
2444 4014
2445 4015
2446 4016
2447 4017
2448 4018
2449 4019
2450 4020
2451 4022
2452 4023
2453 4024
2454 4025
2455 4027
2456 4028
2457 4029
2458 4030
2459 4031
2460 438
2461 4033
2462 4034
2463 4035
2464 4037
2465 4038
2466 4039
2467 4041
2468 4042
2469 4043
2470 4045
2471 4046
2472 4047
2473 4048
2474 4049
2475 4050
2476 4051
2477 4052
2478 4053
2479 4054
2480 4055
2481 4056
2482 4057
2483 4058
2484 4059
2485 4060
2486 439
2487 4062
2488 440
2489 4065
2490 441
2491 4067
2492 4068
2493 4069
2494 4070
2495 4071
2496 4072
2497 4073
2498 4074
2499 4075
2500 4076
2501 4077
2502 4078
2503 4079
2504 4080
2505 4081
2506 4084
2507 4086
2508 4087
2509 4088
2510 4089
2511 4090
2512 4091
2513 4092
2514 4093
2515 4094
2516 4097
2517 4098
2518 4099
2519 4100
2520 4102
2521 4103
2522 4104
2523 4105
2524 442
2525 4107
2526 4108
2527 4109
2528 4110
2529 4111
2530 4112
2531 4113
2532 4114
2533 4115
2534 443
2535 444
2536 4119
2537 4120
2538 4121
2539 4122
2540 445
2541 4124
2542 4125
2543 4126
2544 4128
2545 4129
2546 4130
2547 4132
2548 4133
2549 4134
2550 4135
2551 4136
2552 4138
2553 4139
2554 4140
2555 4141
2556 4142
2557 4143
2558 4145
2559 4146
2560 4147
2561 446
2562 4149
2563 4151
2564 4152
2565 4153
2566 4154
2567 4155
2568 4157
2569 4158
2570 4159
2571 4160
2572 4161
2573 4162
2574 4164
2575 4166
2576 4167
2577 4168
2578 4169
2579 4170
2580 4171
2581 4173
2582 4174
2583 4176
2584 4177
2585 4178
2586 4179
2587 4180
2588 4181
2589 4182
2590 4183
2591 4185
2592 4186
2593 4187
2594 4188
2595 4189
2596 447
2597 4191
2598 448
2599 4193
2600 4194
2601 4195
2602 4196
2603 4197
2604 4198
2605 4199
2606 4200
2607 4201
2608 4202
2609 4204
2610 4205
2611 4206
2612 4207
2613 4208
2614 4209
2615 4210
2616 450
2617 4212
2618 4213
2619 4214
2620 4215
2621 4216
2622 4217
2623 4218
2624 4219
2625 4220
2626 4221
2627 4223
2628 451
2629 4225
2630 4226
2631 4227
2632 4228
2633 4229
2634 4230
2635 4232
2636 452
2637 4234
2638 4235
2639 4237
2640 4238
2641 4239
2642 453
2643 4242
2644 4243
2645 4244
2646 4245
2647 4246
2648 4247
2649 4248
2650 4249
2651 4250
2652 4251
2653 4252
2654 4253
2655 4254
2656 4255
2657 4256
2658 4257
2659 4258
2660 4259
2661 4260
2662 4262
2663 4263
2664 4264
2665 4265
2666 4266
2667 4267
2668 4268
2669 4270
2670 4271
2671 4272
2672 454
2673 4274
2674 4275
2675 4276
2676 4277
2677 4278
2678 4280
2679 4281
2680 4282
2681 4283
2682 4284
2683 4285
2684 4286
2685 4287
2686 4288
2687 4289
2688 456
2689 4292
2690 4293
2691 4294
2692 4295
2693 4296
2694 4297
2695 4298
2696 4299
2697 4300
2698 4301
2699 4302
2700 4303
2701 4304
2702 4305
2703 4306
2704 4308
2705 4309
2706 4310
2707 4311
2708 4312
2709 4313
2710 457
2711 4315
2712 4316
2713 4317
2714 4318
2715 4319
2716 4321
2717 4322
2718 4323
2719 4324
2720 4325
2721 4326
2722 4327
2723 4328
2724 4329
2725 4330
2726 4331
2727 4333
2728 4334
2729 4335
2730 4336
2731 4337
2732 4338
2733 4339
2734 4340
2735 4341
2736 4342
2737 4343
2738 4344
2739 4345
2740 458
2741 4347
2742 4348
2743 4349
2744 4350
2745 4351
2746 4352
2747 4353
2748 4354
2749 4355
2750 4356
2751 4357
2752 4358
2753 4360
2754 4361
2755 4362
2756 4363
2757 459
2758 4365
2759 4366
2760 4367
2761 4368
2762 4369
2763 4370
2764 4372
2765 4373
2766 4375
2767 4376
2768 4377
2769 4378
2770 4380
2771 4381
2772 4383
2773 4384
2774 4386
2775 4387
2776 4388
2777 4389
2778 4390
2779 4391
2780 4392
2781 4393
2782 4394
2783 4395
2784 4396
2785 4397
2786 4398
2787 4399
2788 460
2789 4401
2790 4402
2791 462
2792 4404
2793 4405
2794 4406
2795 4407
2796 4408
2797 4409
2798 4410
2799 4411
2800 4412
2801 4413
2802 4414
2803 4415
2804 4416
2805 4417
2806 4418
2807 4419
2808 4420
2809 4421
2810 4422
2811 4424
2812 4425
2813 4426
2814 4427
2815 4428
2816 4429
2817 4430
2818 4431
2819 4433
2820 4435
2821 4436
2822 4437
2823 4438
2824 4440
2825 4441
2826 4442
2827 4443
2828 4444
2829 4445
2830 4446
2831 4447
2832 4449
2833 4450
2834 4451
2835 4452
2836 4453
2837 4454
2838 463
2839 4457
2840 4458
2841 4459
2842 4460
2843 4461
2844 4462
2845 4463
2846 4464
2847 4465
2848 4466
2849 4467
2850 4468
2851 4469
2852 4471
2853 4472
2854 4473
2855 4475
2856 4476
2857 4477
2858 4479
2859 4481
2860 4482
2861 4483
2862 4484
2863 4485
2864 4486
2865 4488
2866 464
2867 4490
2868 4491
2869 465
2870 4493
2871 4494
2872 4495
2873 4496
2874 4497
2875 4499
2876 4501
2877 466
2878 4503
2879 4504
2880 4505
2881 4506
2882 4507
2883 4508
2884 4509
2885 4510
2886 4511
2887 467
2888 4513
2889 4514
2890 4515
2891 4517
2892 468
2893 4519
2894 4521
2895 4522
2896 4524
2897 4525
2898 4526
2899 4527
2900 4529
2901 4530
2902 4532
2903 4533
2904 4534
2905 4535
2906 4536
2907 4537
2908 4538
2909 4539
2910 4540
2911 4541
2912 4542
2913 4543
2914 4544
2915 4545
2916 4546
2917 469
2918 4548
2919 4550
2920 4551
2921 4552
2922 4553
2923 4554
2924 4555
2925 4556
2926 471
2927 4558
2928 4559
2929 4560
2930 4561
2931 472
2959 473
2972 474
2994 476
2995 477
2996 478
3039 479
3043 480
3061 481
3070 482
3091 483
3093 484
3102 485
3170 486
3184 488
3187 489
3210 491
3215 492
3237 493
3252 494
3264 495
3285 496
3306 497
3343 498
3366 499
3376 500
3377 502
3403 503
3410 504
3428 505
3458 506
3461 508
3482 509
3486 510
3516 511
3557 512
3570 513
3585 514
3587 515
3597 516
3610 517
3627 518
3660 519
3678 520
3681 521
3704 522
3712 523
3714 524
3749 525
3753 526
3759 527
3775 528
3805 529
3815 530
3821 531
3837 532
3861 533
3868 534
3904 536
3928 537
3935 538
3936 540
3970 541
3986 542
3990 543
4001 544
4010 545
4017 546
4018 547
4032 548
4057 549
4075 550
4104 552
4114 553
4161 554
4162 555
4175 556
4192 557
4195 558
4225 559
4234 560
4254 561
4280 562
4292 563
4295 564
4316 565
4318 567
4328 568
4339 569
4363 570
4393 571
4403 574
4405 575
4422 576
4455 577
4470 578
4476 579
4495 580
4499 581
4500 582
4509 583
4511 585
4520 586
4543 587
4558 588
