0 3455
1 2081
2 1372
3 3971
4 2509
5 57
6 4320
7 3390
8 2265
9 3108
10 2772
11 4439
12 2594
13 3874
14 3812
15 271
16 762
17 2221
18 490
19 3213
20 2458
21 0
22 1706
23 1649
24 326
25 597
26 3258
27 3120
28 3539
29 3025
30 3529
31 535
32 615
33 2054
34 2571
35 1099
36 3100
37 3305
38 2688
39 2696
40 4026
41 997
42 3940
43 2970
44 3894
45 3158
46 2514
47 2429
48 573
49 1748
50 2792
51 2763
52 2128
53 1015
54 4063
55 1067
56 72
57 4095
58 2997
59 1410
60 3583
61 3259
62 1636
63 1968
64 2663
65 1753
66 2184
67 3678
68 4455
69 2528
70 3293
71 1893
72 3106
73 2803
74 91
75 2744
76 4382
77 33
78 990
79 3820
80 2453
81 1044
82 147
83 2255
84 455
85 4127
86 132
87 2086
88 1028
89 2992
90 2080
91 2823
92 266
93 4184
94 2041
95 2660
96 2416
97 4175
98 1605
99 2511
100 3702
101 1550
102 3399
103 3257
104 3089
105 4261
106 2981
107 3153
108 4474
109 2276
110 3056
111 3788
112 4096
113 1321
114 810
115 4144
116 2597
117 1035
118 4231
119 4
120 1719
121 2318
122 2550
123 2841
124 776
125 2724
126 129
127 2434
128 2420
129 3362
130 1385
131 449
132 2060
133 2682
134 1578
135 3033
136 2091
137 3271
138 112
139 3596
140 1357
141 1062
142 2305
143 1254
144 2450
145 1452
146 2540
147 2245
148 3537
149 3420
150 2171
151 3612
152 4150
153 4165
154 3222
155 4003
156 1140
157 4434
158 304
159 3017
160 928
161 4101
162 1277
163 3511
164 2698
165 1489
166 88
167 3364
168 1463
169 2447
170 1620
171 3857
172 1406
173 1470
174 2042
175 2504
176 335
177 2956
178 3715
179 22
180 7
181 2747
182 1898
183 739
184 217
185 2984
186 3323
187 1013
188 3026
189 1837
190 2121
191 3884
192 3926
193 3398
194 185
195 1896
196 2161
197 610
198 2818
199 804
200 826
201 677
202 901
203 920
204 4085
205 3093
206 4487
207 1728
208 4470
209 3382
210 584
211 1763
212 3473
213 3064
214 1810
215 1863
216 3758
217 1820
218 1821
219 1822
220 1823
221 1824
222 1825
223 1826
224 1827
225 1828
226 1829
227 1830
228 1831
229 1832
230 1833
231 1834
232 1835
233 1836
234 1838
235 1839
236 1840
237 1841
238 1842
239 1843
240 1844
241 1845
242 1846
243 1847
244 1848
245 1849
246 1850
247 1851
248 1852
249 1853
250 1854
251 1855
252 1856
253 1857
254 1858
255 1859
256 1860
257 1861
258 1862
259 1864
260 1865
261 1866
262 1867
263 1868
264 1869
265 1870
266 1871
267 1872
268 1873
269 1874
270 1875
271 1876
272 1877
273 1878
274 1879
275 1880
276 1881
277 1882
278 1883
279 1884
280 1885
281 1886
282 1887
283 1888
284 1889
285 1890
286 1891
287 1892
288 1894
289 1895
290 1897
291 1899
292 1900
293 1901
294 1902
295 1903
296 1904
297 1905
298 1906
299 1907
300 1908
301 1909
302 1910
303 1911
304 1912
305 1913
306 1914
307 1915
308 1916
309 1917
310 1918
311 1919
312 1920
313 1921
314 1922
315 1923
316 1924
317 1925
318 1926
319 1927
320 1928
321 1929
322 1930
323 1931
324 1932
325 1933
326 1934
327 1935
328 1936
329 1937
330 1938
331 1939
332 1940
333 1941
334 1942
335 1943
336 1944
337 1945
338 1946
339 1947
340 1948
341 1949
342 1950
343 1951
344 1952
345 1953
346 1954
347 1955
348 1956
349 1957
350 1958
351 1959
352 1960
353 1961
354 1962
355 1963
356 1964
357 1965
358 1966
359 2962
360 1967
361 1969
362 1970
363 1971
364 1972
365 1973
366 1974
367 1975
368 1976
369 1977
370 1978
371 1979
372 1980
373 1981
374 1982
375 1983
376 1984
377 1985
378 1986
379 1987
380 1988
381 1989
382 1990
383 1991
384 1992
385 1993
386 1994
387 1995
388 1996
389 1997
390 1998
391 1999
392 2000
393 2001
394 2002
395 2003
396 2004
397 2005
398 2006
399 2007
400 2008
401 2009
402 2010
403 2011
404 2012
405 2013
406 2014
407 2015
408 2016
409 2017
410 2018
411 2019
412 2020
413 2021
414 2022
415 2023
416 2024
417 2025
418 2026
419 2027
420 2028
421 2029
422 2030
423 2031
424 2032
425 2033
426 2034
427 2035
428 2036
429 2037
430 2038
431 2039
432 2040
433 2043
434 2044
435 2045
436 2046
437 2047
438 2048
439 2049
440 2050
441 2051
442 2052
443 2053
444 2055
445 2056
446 2057
447 2058
448 2059
449 2061
450 2062
451 2063
452 2064
453 2065
454 2066
455 2067
456 2068
457 2069
458 2070
459 2071
460 2072
461 2073
462 2074
463 2075
464 2076
465 2077
466 2078
467 2079
468 2082
469 2083
470 2084
471 2085
472 2087
473 2088
474 2089
475 2090
476 2092
477 2093
478 2094
479 2095
480 2096
481 2097
482 2098
483 2099
484 2100
485 2101
486 2102
487 2103
488 2104
489 2105
490 2106
491 3110
492 2107
493 2108
494 2109
495 2110
496 2111
497 2112
498 2113
499 2114
500 2115
501 2116
502 2117
503 2118
504 2119
505 2120
506 2122
507 2123
508 2124
509 2125
510 2126
511 2127
512 2129
513 2130
514 2131
515 2132
516 2133
517 2134
518 2135
519 2136
520 2137
521 2138
522 2139
523 2140
524 2141
525 2142
526 2143
527 2144
528 2145
529 2146
530 2147
531 2148
532 2149
533 2150
534 2151
535 2152
536 2153
537 2154
538 2155
539 2156
540 2157
541 2158
542 2159
543 2160
544 2162
545 2163
546 2164
547 2165
548 2166
549 2167
550 2168
551 2169
552 2170
553 2172
554 2173
555 2174
556 2175
557 2176
558 2177
559 2178
560 2179
561 2180
562 2181
563 2182
564 2183
565 2185
566 2186
567 2187
568 2188
569 2189
570 2190
571 2191
572 2192
573 2193
574 2194
575 2195
576 2196
577 2197
578 2198
579 2199
580 2200
581 2201
582 2202
583 2203
584 2204
585 2205
586 2206
587 2207
588 2208
589 2209
590 2210
591 2211
592 2212
593 2213
594 2214
595 2215
596 2216
597 2217
598 2218
599 2219
600 2220
601 2222
602 2223
603 2224
604 2225
605 2226
606 2227
607 2228
608 2229
609 2230
610 2231
611 2232
612 2233
613 2234
614 2235
615 2236
616 2237
617 2238
618 2239
619 2240
620 2241
621 2242
622 2243
623 2244
624 2246
625 2247
626 2248
627 2249
628 2250
629 2251
630 2252
631 2253
632 2254
633 2256
634 2257
635 2258
636 2259
637 2260
638 2261
639 2262
640 2263
641 2264
642 2266
643 2267
644 2268
645 2269
646 2270
647 2271
648 2272
649 2273
650 2274
651 2275
652 2277
653 2278
654 2279
655 2280
656 2281
657 2282
658 2283
659 2284
660 2285
661 2286
662 2287
663 2288
664 2289
665 2290
666 2291
667 2292
668 2293
669 2294
670 2295
671 2296
672 2297
673 2298
674 2299
675 2300
676 2301
677 2302
678 2303
679 2304
680 2306
681 2307
682 2308
683 2309
684 2310
685 2311
686 2312
687 2313
688 2314
689 2315
690 2316
691 2317
692 2319
693 2320
694 2321
695 2322
696 2323
697 2324
698 2325
699 2326
700 2327
701 2328
702 2329
703 2330
704 2331
705 2332
706 2333
707 2334
708 2335
709 2336
710 2337
711 2338
712 2339
713 2340
714 2341
715 2342
716 2343
717 2344
718 2345
719 2346
720 2347
721 2348
722 2349
723 2350
724 2351
725 2352
726 2353
727 2354
728 2355
729 2356
730 2357
731 2358
732 2359
733 2360
734 2361
735 2362
736 2363
737 2364
738 2365
739 2366
740 2367
741 2368
742 2369
743 2370
744 2371
745 2372
746 2373
747 2374
748 2375
749 2376
750 2377
751 2378
752 2379
753 2380
754 2381
755 2382
756 2383
757 2384
758 2385
759 2386
760 2387
761 2388
762 2389
763 2390
764 2391
765 2392
766 2393
767 2394
768 2395
769 2396
770 2397
771 2398
772 2399
773 2400
774 2401
775 2402
776 2403
777 2404
778 2405
779 2406
780 2407
781 2408
782 2409
783 2410
784 2411
785 2412
786 2413
787 2414
788 2415
789 2417
790 2418
791 2419
792 2421
793 2422
794 2423
795 2424
796 2425
797 2426
798 2427
799 2428
800 2430
801 2431
802 2432
803 2433
804 2435
805 2436
806 2437
807 2438
808 2439
809 2440
810 2441
811 2442
812 2443
813 2444
814 2445
815 2446
816 2448
817 2449
818 2451
819 2452
820 2454
821 2455
822 2456
823 2457
824 2459
825 2460
826 2461
827 2462
828 2463
829 2464
830 2465
831 2466
832 2467
833 2468
834 2469
835 2470
836 2471
837 2472
838 2473
839 2474
840 2475
841 2476
842 2477
843 2478
844 2479
845 2480
846 2481
847 2482
848 2483
849 2484
850 2485
851 2486
852 2487
853 2488
854 2489
855 2490
856 2491
857 2492
858 2493
859 2494
860 2495
861 2496
862 2497
863 2498
864 2499
865 2500
866 2501
867 2502
868 2503
869 2505
870 2506
871 2507
872 2508
873 2510
874 2512
875 2513
876 2515
877 2516
878 2517
879 2518
880 2519
881 2520
882 2521
883 2522
884 2523
885 2524
886 2525
887 2526
888 2527
889 2529
890 2530
891 2531
892 2532
893 2533
894 2534
895 2535
896 2536
897 2537
898 2538
899 2539
900 2541
901 2542
902 2543
903 2544
904 2545
905 2546
906 2547
907 2548
908 2549
909 2551
910 2552
911 2553
912 2554
913 2555
914 2556
915 2557
916 2558
917 2559
918 2560
919 2561
920 2562
921 2563
922 2564
923 2565
924 2566
925 2567
926 2568
927 2569
928 2570
929 2572
930 2573
931 2574
932 2575
933 2576
934 2577
935 2578
936 2579
937 2580
938 2581
939 2582
940 2583
941 2584
942 2585
943 2586
944 2587
945 2588
946 2589
947 2590
948 2591
949 2592
950 2593
951 2595
952 2596
953 2598
954 2599
955 2600
956 2601
957 2602
958 2603
959 2604
960 2605
961 2606
962 2607
963 2608
964 2609
965 2610
966 2611
967 2612
968 2613
969 2614
970 2615
971 2616
972 2617
973 2618
974 2619
975 2620
976 2621
977 2622
978 2623
979 2624
980 2625
981 2626
982 2627
983 2628
984 2629
985 2630
986 2631
987 2632
988 2633
989 2634
990 2635
991 2636
992 2637
993 2638
994 2639
995 2640
996 2641
997 2642
998 2643
999 3646
1000 2644
1001 2645
1002 2646
1003 2647
1004 2648
1005 2649
1006 1403
1007 2651
1008 2652
1009 2653
1010 2654
1011 2655
1012 2656
1013 2657
1014 2658
1015 2659
1016 2661
1017 2662
1018 2664
1019 2665
1020 2666
1021 2667
1022 2668
1023 2669
1024 2670
1025 2671
1026 2672
1027 2673
1028 2674
1029 2675
1030 2676
1031 2677
1032 2678
1033 2679
1034 2680
1035 2681
1036 2683
1037 2684
1038 2685
1039 2686
1040 2687
1041 2689
1042 2690
1043 2691
1044 2692
1045 2693
1046 2694
1047 2695
1048 2697
1049 2699
1050 2700
1051 2701
1052 2702
1053 2703
1054 2704
1055 2705
1056 2706
1057 2707
1058 2708
1059 2709
1060 2710
1061 2711
1062 2712
1063 2713
1064 2714
1065 2715
1066 2716
1067 2717
1068 3718
1069 2718
1070 2719
1071 2720
1072 2721
1073 2722
1074 2723
1075 2725
1076 2726
1077 2727
1078 2728
1079 2729
1080 2730
1081 2731
1082 2732
1083 2733
1084 2734
1085 2735
1086 2736
1087 2737
1088 2738
1089 2739
1090 2740
1091 2741
1092 2742
1093 2743
1094 2745
1095 2746
1096 2748
1097 2749
1098 2750
1099 2751
1100 2752
1101 2753
1102 2754
1103 2755
1104 2756
1105 2757
1106 2758
1107 2759
1108 2760
1109 2761
1110 2762
1111 2764
1112 2765
1113 2766
1114 2767
1115 2768
1116 2769
1117 2770
1118 2771
1119 2773
1120 2774
1121 1404
1122 2776
1123 2777
1124 2778
1125 2779
1126 2780
1127 2781
1128 2782
1129 2783
1130 2784
1131 2785
1132 2786
1133 2787
1134 2788
1135 2789
1136 2790
1137 2791
1138 2793
1139 2794
1140 2795
1141 2796
1142 2797
1143 2798
1144 2799
1145 2800
1146 2801
1147 2802
1148 2804
1149 2805
1150 2806
1151 2807
1152 2808
1153 2809
1154 2810
1155 2811
1156 2812
1157 2813
1158 2814
1159 2815
1160 2816
1161 2817
1162 2819
1163 2820
1164 2821
1165 2822
1166 2824
1167 2825
1168 2826
1169 2827
1170 2828
1171 2829
1172 2830
1173 2831
1174 2832
1175 2833
1176 2834
1177 2835
1178 2836
1179 2837
1180 2838
1181 2839
1182 2840
1183 2842
1184 2843
1185 2844
1186 2845
1187 2846
1188 2847
1189 2848
1190 2849
1191 2850
1192 2851
1193 2852
1194 2853
1195 2854
1196 2855
1197 2856
1198 2857
1199 2858
1200 2859
1201 2860
1202 2861
1203 2862
1204 2863
1205 2864
1206 2865
1207 2866
1208 2867
1209 2868
1210 2869
1211 2870
1212 2871
1213 2872
1214 2873
1215 2874
1216 2875
1217 2876
1218 2877
1219 2878
1220 2879
1221 2880
1222 2881
1223 2882
1224 2883
1225 2884
1226 2885
1227 2886
1228 2887
1229 2888
1230 2889
1231 2890
1232 2891
1233 2892
1234 2893
1235 2894
1236 2895
1237 2896
1238 2897
1239 2898
1240 2899
1241 2900
1242 2901
1243 2902
1244 2903
1245 2904
1246 2905
1247 2906
1248 2907
1249 2908
1250 2909
1251 2910
1252 2911
1253 2912
1254 2913
1255 2914
1256 2915
1257 2916
1258 2917
1259 2918
1260 2919
1261 2920
1262 2921
1263 2922
1264 2923
1265 2924
1266 2925
1267 2926
1268 2927
1269 2928
1270 2929
1271 2930
1272 2931
1273 2932
1274 2933
1275 2934
1276 2935
1277 2936
1278 1405
1279 2938
1280 2939
1281 2940
1282 2941
1283 2942
1284 2943
1285 2944
1286 2945
1287 2946
1288 2947
1289 2948
1290 2949
1291 2950
1292 2951
1293 2952
1294 2953
1295 2954
1296 2955
1297 2957
1298 2958
1299 2959
1300 2960
1301 2961
1302 2963
1303 2964
1304 2965
1305 2966
1306 1407
1307 2968
1308 2969
1309 2971
1310 2972
1311 2973
1312 2974
1313 2975
1314 2976
1315 2977
1316 2978
1317 2979
1318 2980
1319 2982
1320 2983
1321 2985
1322 2986
1323 2987
1324 2988
1325 2989
1326 2990
1327 2991
1328 2993
1329 2994
1330 2995
1331 2996
1332 2998
1333 2999
1334 3000
1335 3001
1336 3002
1337 3003
1338 3004
1339 3005
1340 3006
1341 3007
1342 3008
1343 3009
1344 3010
1345 3011
1346 3012
1347 3013
1348 3014
1349 3015
1350 3016
1351 3018
1352 3019
1353 3020
1354 3021
1355 3022
1356 3023
1357 3024
1358 3027
1359 3028
1360 3029
1361 3030
1362 3031
1363 3032
1364 3034
1365 3035
1366 3036
1367 3037
1368 3038
1369 3039
1370 3040
1371 3041
1372 3042
1373 3043
1374 3044
1375 3045
1376 3046
1377 3047
1378 3048
1379 3049
1380 3050
1381 3051
1382 3052
1383 3053
1384 3054
1385 3055
1386 3057
1387 3058
1388 3059
1389 3060
1390 3061
1391 3062
1392 3063
1393 3065
1394 3066
1395 3067
1396 3068
1397 3069
1398 3070
1399 3071
1400 3072
1401 3073
1402 3074
1403 3075
1404 3076
1405 3077
1406 3078
1407 3079
1408 3080
1409 3081
1410 3082
1411 3083
1412 3084
1413 3085
1414 3086
1415 3087
1416 3088
1417 3090
1418 3091
1419 3092
1420 3094
1421 3095
1422 3096
1423 3097
1424 3098
1425 3099
1426 3101
1427 3102
1428 3103
1429 3104
1430 3105
1431 3107
1432 3109
1433 3111
1434 3112
1435 3113
1436 3114
1437 3115
1438 3116
1439 3117
1440 3118
1441 3119
1442 3121
1443 3122
1444 3123
1445 3124
1446 3125
1447 3126
1448 3127
1449 3128
1450 3129
1451 3130
1452 3131
1453 3132
1454 3133
1455 3134
1456 3135
1457 3136
1458 3137
1459 3138
1460 3139
1461 3140
1462 3141
1463 3142
1464 3143
1465 3144
1466 3145
1467 3146
1468 3147
1469 3148
1470 3149
1471 3150
1472 3151
1473 3152
1474 3154
1475 3155
1476 3156
1477 3157
1478 3159
1479 3160
1480 3161
1481 3162
1482 3163
1483 3164
1484 3165
1485 3166
1486 3167
1487 3168
1488 3169
1489 3170
1490 3171
1491 3172
1492 3173
1493 3174
1494 3175
1495 3176
1496 3177
1497 3178
1498 3179
1499 3180
1500 3181
1501 3182
1502 3183
1503 3184
1504 3185
1505 3186
1506 3187
1507 3188
1508 3189
1509 3190
1510 3191
1511 3192
1512 3193
1513 3194
1514 3195
1515 3196
1516 3197
1517 3198
1518 3199
1519 3200
1520 3201
1521 3202
1522 3203
1523 3204
1524 3205
1525 3206
1526 3207
1527 3208
1528 3209
1529 3210
1530 3211
1531 3212
1532 3214
1533 3215
1534 3216
1535 3217
1536 3218
1537 3219
1538 3220
1539 3221
1540 3223
1541 3224
1542 3225
1543 3226
1544 3227
1545 3228
1546 3229
1547 3230
1548 3231
1549 3232
1550 3233
1551 3234
1552 3235
1553 3236
1554 3237
1555 3238
1556 3239
1557 3240
1558 3241
1559 3242
1560 3243
1561 3244
1562 4237
1563 3245
1564 3246
1565 3247
1566 3248
1567 3249
1568 3250
1569 3251
1570 3252
1571 3253
1572 3254
1573 3255
1574 3256
1575 3260
1576 3261
1577 3262
1578 3263
1579 3264
1580 3265
1581 3266
1582 3267
1583 3268
1584 3269
1585 3270
1586 3272
1587 3273
1588 3274
1589 3275
1590 3276
1591 3277
1592 3278
1593 3279
1594 3280
1595 3281
1596 3282
1597 3283
1598 3284
1599 3285
1600 3286
1601 3287
1602 3288
1603 3289
1604 3290
1605 3291
1606 3292
1607 3294
1608 3295
1609 3296
1610 3297
1611 3298
1612 3299
1613 3300
1614 3301
1615 3302
1616 3303
1617 3304
1618 3306
1619 3307
1620 3308
1621 3309
1622 3310
1623 3311
1624 3312
1625 3313
1626 3314
1627 3315
1628 3316
1629 3317
1630 3318
1631 3319
1632 3320
1633 3321
1634 3322
1635 3324
1636 3325
1637 3326
1638 4314
1639 3327
1640 3328
1641 3329
1642 3330
1643 3331
1644 3332
1645 3333
1646 3334
1647 3335
1648 3336
1649 3337
1650 3338
1651 3339
1652 3340
1653 3341
1654 3342
1655 3343
1656 3344
1657 3345
1658 3346
1659 3347
1660 3348
1661 3349
1662 3350
1663 3351
1664 3352
1665 3353
1666 3354
1667 3355
1668 3356
1669 3357
1670 3358
1671 3359
1672 3360
1673 3361
1674 3363
1675 3365
1676 3366
1677 3367
1678 3368
1679 3369
1680 3370
1681 3371
1682 3372
1683 3373
1684 3374
1685 3375
1686 3376
1687 3377
1688 3378
1689 3379
1690 3380
1691 3381
1692 3383
1693 3384
1694 3385
1695 3386
1696 3387
1697 3388
1698 3389
1699 3391
1700 3392
1701 3393
1702 3394
1703 3395
1704 3396
1705 3397
1706 3400
1707 3401
1708 3402
1709 3403
1710 3404
1711 3405
1712 3406
1713 3407
1714 3408
1715 3409
1716 3410
1717 3411
1718 3412
1719 3413
1720 3414
1721 3415
1722 3416
1723 3417
1724 3418
1725 3419
1726 3421
1727 3422
1728 3423
1729 3424
1730 3425
1731 3426
1732 3427
1733 3428
1734 3429
1735 3430
1736 3431
1737 3432
1738 3433
1739 3434
1740 3435
1741 3436
1742 3437
1743 3438
1744 3439
1745 3440
1746 3441
1747 3442
1748 3443
1749 3444
1750 3445
1751 3446
1752 3447
1753 3448
1754 3449
1755 3450
1756 3451
1757 3452
1758 3453
1759 3454
1760 3456
1761 3457
1762 3458
1763 3459
1764 3460
1765 3461
1766 3462
1767 3463
1768 3464
1769 3465
1770 3466
1771 3467
1772 3468
1773 3469
1774 3470
1775 3471
1776 3472
1777 3474
1778 3475
1779 3476
1780 3477
1781 3478
1782 3479
1783 3480
1784 3481
1785 3482
1786 3483
1787 3484
1788 3485
1789 3486
1790 3487
1791 3488
1792 3489
1793 3490
1794 3491
1795 3492
1796 3493
1797 3494
1798 3495
1799 3496
1800 3497
1801 3498
1802 3499
1803 3500
1804 3501
1805 3502
1806 3503
1807 3504
1808 3505
1809 3506
1810 3507
1811 3508
1812 3509
1813 3510
1814 3512
1815 3513
1816 3514
1817 3515
1818 3516
1819 3517
1820 3518
1821 3519
1822 3520
1823 3521
1824 3522
1825 3523
1826 3524
1827 3525
1828 3526
1829 3527
1830 3528
1831 3530
1832 3531
1833 3532
1834 3533
1835 3534
1836 3535
1837 3536
1838 3538
1839 3540
1840 3541
1841 3542
1842 3543
1843 3544
1844 3545
1845 3546
1846 3547
1847 3548
1848 3549
1849 3550
1850 3551
1851 3552
1852 3553
1853 3554
1854 3555
1855 3556
1856 3557
1857 3558
1858 3559
1859 3560
1860 3561
1861 3562
1862 3563
1863 3564
1864 3565
1865 3566
1866 3567
1867 3568
1868 3569
1869 3570
1870 3571
1871 3572
1872 3573
1873 3574
1874 3575
1875 3576
1876 3577
1877 3578
1878 3579
1879 3580
1880 3581
1881 3582
1882 3584
1883 3585
1884 3586
1885 3587
1886 3588
1887 3589
1888 3590
1889 3591
1890 3592
1891 3593
1892 3594
1893 3595
1894 3597
1895 3598
1896 3599
1897 3600
1898 3601
1899 3602
1900 3603
1901 3604
1902 3605
1903 3606
1904 3607
1905 3608
1906 3609
1907 3610
1908 3611
1909 3613
1910 3614
1911 3615
1912 3616
1913 3617
1914 3618
1915 3619
1916 3620
1917 3621
1918 3622
1919 3623
1920 3624
1921 3625
1922 3626
1923 3627
1924 3628
1925 3629
1926 3630
1927 3631
1928 3632
1929 3633
1930 3634
1931 3635
1932 3636
1933 3637
1934 3638
1935 3639
1936 3640
1937 3641
1938 3642
1939 3643
1940 3644
1941 3645
1942 3647
1943 3648
1944 3649
1945 3650
1946 3651
1947 3652
1948 3653
1949 3654
1950 3655
1951 3656
1952 3657
1953 3658
1954 3659
1955 3660
1956 3661
1957 3662
1958 3663
1959 3664
1960 3665
1961 3666
1962 3667
1963 3668
1964 3669
1965 3670
1966 3671
1967 3672
1968 3673
1969 3674
1970 3675
1971 3676
1972 3677
1973 3679
1974 3680
1975 3681
1976 3682
1977 3683
1978 3684
1979 3685
1980 3686
1981 3687
1982 3688
1983 3689
1984 3690
1985 3691
1986 3692
1987 3693
1988 3694
1989 3695
1990 3696
1991 3697
1992 3698
1993 3699
1994 3700
1995 3701
1996 3703
1997 3704
1998 3705
1999 3706
2000 3707
2001 3708
2002 3709
2003 3710
2004 3711
2005 3712
2006 3713
2007 3714
2008 3716
2009 3717
2010 3719
2011 3720
2012 3721
2013 3722
2014 3723
2015 3724
2016 3725
2017 3726
2018 3727
2019 3728
2020 3729
2021 3730
2022 3731
2023 3732
2024 3733
2025 3734
2026 3735
2027 3736
2028 3737
2029 3738
2030 3739
2031 3740
2032 3741
2033 3742
2034 3743
2035 3744
2036 3745
2037 3746
2038 3747
2039 3748
2040 3749
2041 3750
2042 3751
2043 3752
2044 3753
2045 3754
2046 3755
2047 3756
2048 3757
2049 3759
2050 3760
2051 3761
2052 3762
2053 3763
2054 3764
2055 3765
2056 3766
2057 3767
2058 3768
2059 3769
2060 3770
2061 3771
2062 3772
2063 3773
2064 3774
2065 3775
2066 3776
2067 3777
2068 3778
2069 3779
2070 3780
2071 3781
2072 3782
2073 3783
2074 3784
2075 3785
2076 3786
2077 3787
2078 3789
2079 3790
2080 3791
2081 3792
2082 3793
2083 3794
2084 3795
2085 3796
2086 3797
2087 3798
2088 3799
2089 3800
2090 3801
2091 3802
2092 3803
2093 3804
2094 3805
2095 3806
2096 3807
2097 3808
2098 3809
2099 3810
2100 3811
2101 3813
2102 3814
2103 3815
2104 1408
2105 3817
2106 3818
2107 3819
2108 3821
2109 3822
2110 3823
2111 3824
2112 3825
2113 3826
2114 3827
2115 3828
2116 3829
2117 3830
2118 3831
2119 3832
2120 3833
2121 3834
2122 3835
2123 3836
2124 3837
2125 3838
2126 3839
2127 3840
2128 3841
2129 3842
2130 3843
2131 3844
2132 3845
2133 3846
2134 3847
2135 3848
2136 3849
2137 3850
2138 3851
2139 3852
2140 3853
2141 3854
2142 3855
2143 3856
2144 3858
2145 3859
2146 3860
2147 3861
2148 3862
2149 3863
2150 3864
2151 3865
2152 3866
2153 3867
2154 3868
2155 3869
2156 3870
2157 3871
2158 3872
2159 3873
2160 3875
2161 3876
2162 3877
2163 3878
2164 3879
2165 3880
2166 3881
2167 3882
2168 3883
2169 3885
2170 3886
2171 3887
2172 3888
2173 3889
2174 3890
2175 3891
2176 3892
2177 3893
2178 3895
2179 3896
2180 3897
2181 3898
2182 3899
2183 3900
2184 3901
2185 3902
2186 3903
2187 3904
2188 3905
2189 3906
2190 3907
2191 3908
2192 3909
2193 3910
2194 3911
2195 3912
2196 3913
2197 3914
2198 3915
2199 3916
2200 3917
2201 3918
2202 3919
2203 3920
2204 3921
2205 3922
2206 3923
2207 3924
2208 3925
2209 3927
2210 3928
2211 3929
2212 3930
2213 3931
2214 3932
2215 3933
2216 3934
2217 3935
2218 3936
2219 3937
2220 3938
2221 3939
2222 3941
2223 3942
2224 3943
2225 3944
2226 3945
2227 3946
2228 3947
2229 3948
2230 3949
2231 3950
2232 3951
2233 3952
2234 3953
2235 3954
2236 3955
2237 3956
2238 3957
2239 3958
2240 3959
2241 3960
2242 3961
2243 3962
2244 3963
2245 3964
2246 3965
2247 3966
2248 3967
2249 3968
2250 3969
2251 3970
2252 3972
2253 3973
2254 3974
2255 3975
2256 3976
2257 3977
2258 3978
2259 3979
2260 3980
2261 3981
2262 3982
2263 3983
2264 3984
2265 3985
2266 3986
2267 3987
2268 3988
2269 3989
2270 3990
2271 3991
2272 3992
2273 3993
2274 3994
2275 3995
2276 3996
2277 3997
2278 3998
2279 3999
2280 4000
2281 4001
2282 4002
2283 4004
2284 4005
2285 4006
2286 4007
2287 4008
2288 4009
2289 4010
2290 4011
2291 4012
2292 4013
2293 4014
2294 4015
2295 4016
2296 4017
2297 4018
2298 4019
2299 4020
2300 4021
2301 4022
2302 4023
2303 4024
2304 4025
2305 4027
2306 4028
2307 4029
2308 4030
2309 4031
2310 4032
2311 4033
2312 4034
2313 4035
2314 4036
2315 4037
2316 4038
2317 4039
2318 4040
2319 4041
2320 4042
2321 4043
2322 4044
2323 4045
2324 4046
2325 4047
2326 4048
2327 4049
2328 4050
2329 4051
2330 4052
2331 4053
2332 4054
2333 4055
2334 4056
2335 4057
2336 4058
2337 4059
2338 4060
2339 4061
2340 4062
2341 4064
2342 4065
2343 4066
2344 4067
2345 4068
2346 4069
2347 4070
2348 4071
2349 4072
2350 4073
2351 4074
2352 4075
2353 4076
2354 4077
2355 4078
2356 4079
2357 4080
2358 4081
2359 4082
2360 4083
2361 4084
2362 4086
2363 4087
2364 4088
2365 4089
2366 4090
2367 4091
2368 4092
2369 4093
2370 4094
2371 4097
2372 4098
2373 4099
2374 4100
2375 4102
2376 4103
2377 4104
2378 4105
2379 4106
2380 4107
2381 4108
2382 4109
2383 4110
2384 4111
2385 4112
2386 4113
2387 4114
2388 4115
2389 4116
2390 4117
2391 4118
2392 4119
2393 4120
2394 4121
2395 4122
2396 4123
2397 4124
2398 4125
2399 4126
2400 4128
2401 4129
2402 4130
2403 4131
2404 4132
2405 4133
2406 4134
2407 4135
2408 4136
2409 4137
2410 1409
2411 4139
2412 4140
2413 4141
2414 4142
2415 4143
2416 4145
2417 4146
2418 4147
2419 4148
2420 4149
2421 4151
2422 4152
2423 4153
2424 4154
2425 4155
2426 4156
2427 4157
2428 4158
2429 4159
2430 4160
2431 4161
2432 4162
2433 4163
2434 4164
2435 4166
2436 4167
2437 4168
2438 4169
2439 4170
2440 4171
2441 4172
2442 4173
2443 4174
2444 4176
2445 4177
2446 4178
2447 4179
2448 4180
2449 4181
2450 4182
2451 4183
2452 4185
2453 4186
2454 4187
2455 4188
2456 4189
2457 4190
2458 4191
2459 4192
2460 4193
2461 4194
2462 4195
2463 4196
2464 4197
2465 4198
2466 4199
2467 4200
2468 4201
2469 4202
2470 4203
2471 4204
2472 4205
2473 4206
2474 4207
2475 4208
2476 4209
2477 4210
2478 4211
2479 4212
2480 4213
2481 4214
2482 4215
2483 4216
2484 4217
2485 4218
2486 4219
2487 4220
2488 4221
2489 4222
2490 4223
2491 4224
2492 4225
2493 4226
2494 4227
2495 4228
2496 4229
2497 4230
2498 4232
2499 4233
2500 4234
2501 4235
2502 4236
2503 4238
2504 4239
2505 4240
2506 4241
2507 4242
2508 4243
2509 4244
2510 4245
2511 4246
2512 4247
2513 4248
2514 4249
2515 4250
2516 4251
2517 4252
2518 4253
2519 4254
2520 4255
2521 4256
2522 4257
2523 4258
2524 4259
2525 4260
2526 4262
2527 4263
2528 4264
2529 4265
2530 4266
2531 4267
2532 4268
2533 4269
2534 4270
2535 4271
2536 4272
2537 4273
2538 4274
2539 4275
2540 4276
2541 4277
2542 4278
2543 4279
2544 4280
2545 4281
2546 4282
2547 4283
2548 4284
2549 4285
2550 4286
2551 4287
2552 4288
2553 4289
2554 4290
2555 4291
2556 4292
2557 4293
2558 4294
2559 4295
2560 4296
2561 4297
2562 4298
2563 4299
2564 4300
2565 4301
2566 4302
2567 4303
2568 4304
2569 4305
2570 4306
2571 4307
2572 4308
2573 4309
2574 4310
2575 4311
2576 4312
2577 4313
2578 4315
2579 4316
2580 4317
2581 4318
2582 4319
2583 4321
2584 4322
2585 4323
2586 4324
2587 4325
2588 4326
2589 4327
2590 4328
2591 4329
2592 4330
2593 4331
2594 4332
2595 4333
2596 4334
2597 4335
2598 4336
2599 4337
2600 4338
2601 4339
2602 4340
2603 4341
2604 4342
2605 4343
2606 4344
2607 4345
2608 4346
2609 4347
2610 4348
2611 4349
2612 4350
2613 4351
2614 4352
2615 4353
2616 4354
2617 4355
2618 4356
2619 4357
2620 4358
2621 4359
2622 4360
2623 4361
2624 4362
2625 4363
2626 4364
2627 4365
2628 4366
2629 4367
2630 4368
2631 4369
2632 4370
2633 4371
2634 4372
2635 4373
2636 4374
2637 4375
2638 4376
2639 4377
2640 4378
2641 4379
2642 4380
2643 4381
2644 4383
2645 4384
2646 4385
2647 4386
2648 4387
2649 4388
2650 4389
2651 4390
2652 4391
2653 4392
2654 4393
2655 4394
2656 4395
2658 4396
2659 4397
2660 4398
2661 4399
2662 4400
2663 4401
2664 4402
2665 4403
2666 4404
2667 4405
2668 4406
2669 4407
2670 4408
2671 4409
2672 4410
2673 4411
2674 4412
2675 4413
2676 4414
2677 4415
2678 4416
2679 4417
2680 4418
2681 4419
2682 4420
2683 4421
2684 4422
2685 4423
2686 4424
2687 4425
2688 4426
2689 4427
2690 4428
2691 4429
2692 4430
2693 4431
2694 4432
2695 4433
2696 4435
2697 4436
2698 4437
2699 4438
2700 4440
2701 4441
2702 4442
2703 4443
2704 4444
2705 4445
2706 4446
2707 4447
2708 4448
2709 4449
2710 4450
2711 4451
2712 4452
2713 4453
2714 4454
2715 4456
2716 4457
2717 4458
2718 4459
2719 4460
2720 4461
2721 4462
2722 4463
2723 4464
2724 4465
2725 4466
2726 4467
2727 4468
2728 4469
2729 4471
2730 4472
2731 4473
2732 4475
2733 4476
2734 4477
2735 4478
2736 4479
2737 4480
2738 4481
2739 4482
2740 4483
2741 4484
2742 4485
2743 4486
2744 4488
2745 4489
2746 4490
2747 4491
2748 4492
2749 4493
2750 4494
2751 4495
2752 4496
2753 4497
2754 4498
2755 4499
2756 4500
2757 4501
2758 4502
2759 4503
2760 4504
2761 4505
2762 4506
2763 4507
2764 4508
2765 4509
2766 4510
2767 4511
2768 4512
2769 4513
2770 4514
2771 4515
2772 4516
2773 4517
2774 4518
2775 4519
2776 4520
2777 4521
2778 4522
2779 4523
2780 4524
2781 4525
2782 4526
2783 4527
2784 4528
2785 4529
2786 4530
2787 4531
2788 4532
2789 4533
2790 4534
2791 4535
2792 4536
2793 4537
2794 4538
2795 4539
2796 4540
2797 4541
2798 4542
2799 4543
2800 4544
2801 4545
2802 4546
2803 4547
2804 4548
2805 4549
2806 4550
2807 4551
2808 4552
2809 4553
2810 4554
2811 4555
2812 4556
2814 4557
2815 4558
2816 4559
2817 4560
2818 4561
2819 4562
4128 1411
4318 1412
