0 3455
330 None
371 3300
486 None
695 None
703 None
797 None
927 None
1008 None
1017 None
1051 None
1065 None
1106 None
1172 None
1307 None
1342 None
1403 None
1751 3289
1816 None
1922 None
1971 439
2174 None
2177 2136
2398 316
2514 None
2632 None
2820 None
2912 None
2949 None
2986 3839
3096 None
3193 None
3218 None
3366 None
3452 None
3454 None
3539 None
3570 None
3582 None
3623 None
3697 None
3793 None
3835 None
3966 None
4072 None
4073 48
4209 None
4313 None
4348 None
1 2081
27 3120
87 2086
150 2171
475 2533
504 878
694 3984
728 2784
777 None
1015 None
1018 None
1049 1006
1201 4295
1273 1187
1299 2570
1309 540
1726 None
1786 369
1867 1264
1910 None
1975 1296
2156 4468
2320 None
2374 1712
2379 None
2401 None
2456 4510
2463 None
2506 None
2938 1950
3042 None
3195 None
3321 None
3379 None
3421 None
3478 None
3620 None
3716 1820
3736 1217
3751 2233
3857 766
3941 None
3965 None
4011 2083
4021 1668
4350 None
4523 1256
4537 4314
4556 None
2 1372
126 129
333 2292
671 947
687 140
688 2872
734 4020
744 2946
824 None
900 3334
902 1857
1099 3878
1102 4429
1272 799
1415 986
2046 496
2229 1525
2454 3431
2461 4164
2549 979
2678 None
2811 None
2827 1435
3039 None
3127 None
3641 167
3785 2448
3881 98
4358 619
3 3971
36 3100
825 None
1073 None
1167 2969
1363 None
1578 2902
2110 3846
2213 None
2298 3166
2502 None
2776 2577
3015 None
3070 None
3101 None
3313 1805
3679 None
3829 None
3992 3996
4094 None
4 2509
8 2265
14 3812
30 3529
31 535
78 990
250 2670
449 2553
489 4269
571 1901
580 None
650 225
699 495
882 1826
931 2854
941 2838
1035 4265
1086 4072
1146 3653
1154 719
1174 4298
1210 None
1214 413
1215 761
1241 1287
1265 2976
1391 None
1565 3700
1576 379
1604 3924
1606 3123
1612 2404
1683 None
1771 2479
1860 1844
1872 1129
1881 1322
1887 2010
1902 968
1919 2802
2026 1257
2124 3727
2309 None
2367 None
2489 3827
2500 4201
2509 3639
2512 1686
2521 3880
2809 3368
2920 None
2952 1962
2990 None
3085 1808
3102 155
3130 3791
3305 491
3417 3471
3459 None
3473 None
3538 2235
3621 135
3636 4076
3671 3946
3745 1436
3839 3554
3853 120
3916 1510
3971 396
3989 3386
4010 2487
4016 176
4064 1132
4228 3922
4231 None
4236 4015
4264 2298
4368 None
4534 3994
5 57
1909 None
3537 None
6 4320
35 1099
98 1605
116 2597
203 920
325 None
379 4478
443 4222
507 4170
535 4461
609 None
612 None
726 1458
877 472
896 3847
1117 4270
1209 3138
1217 None
1321 3670
1377 None
1464 None
1542 None
1631 1403
1643 1573
1680 1162
1727 734
1864 2072
1886 1570
1967 3239
1969 None
1974 1175
2044 2402
2178 3109
2377 None
2511 923
2536 4045
2596 None
2728 3046
2752 None
2810 707
2815 819
2931 None
2948 1421
3065 3505
3162 745
3167 460
3172 None
3412 None
3552 832
3662 324
3705 2697
3741 805
3894 2801
3953 None
4003 2870
4026 None
4031 343
4089 2445
4184 4191
4449 None
4515 1977
7 3390
37 3305
142 2305
243 285
269 None
317 1158
335 None
467 None
574 1781
595 None
633 3587
773 None
875 None
928 None
963 1113
998 None
1009 None
1020 1974
1121 None
1135 2485
1198 2100
1206 1405
1208 1098
1221 3589
1224 None
1236 None
1383 None
1840 None
1865 2873
2007 None
2028 None
2107 None
2282 982
2336 792
2455 2356
2491 1125
2516 4025
2537 1383
2545 None
2579 205
2583 4169
2708 2552
2714 None
2847 4482
2856 None
2869 1716
2975 2403
3072 3953
3383 3681
3438 None
3494 None
3508 1816
3522 None
3567 None
3590 2715
3734 3895
3776 4129
3936 None
3977 1561
4015 4284
4139 2658
4334 3479
4344 471
4533 None
4545 1029
25 597
29 3025
58 2997
85 4127
125 2724
159 3017
172 1406
192 3926
204 4085
240 403
266 60
289 None
299 551
312 None
370 None
393 1589
418 3204
424 507
454 487
457 2194
476 3282
492 1409
506 3008
516 2842
543 3802
562 3841
596 4347
623 2743
640 2176
646 3328
669 3810
752 4416
808 3245
809 2053
826 295
847 2787
854 1380
905 3081
915 3951
916 744
933 2506
946 3462
950 1178
953 857
965 3492
1025 None
1026 4294
1030 3409
1037 2343
1128 3278
1145 3003
1159 1549
1194 3967
1222 None
1280 3968
1293 3057
1296 177
1311 2661
1395 3124
1398 None
1399 4228
1410 4543
1411 3970
1422 2694
1449 489
1476 4301
1490 2339
1510 2350
1512 238
1531 None
1577 1792
1657 2362
1693 3212
1712 4065
1724 1653
1740 622
1766 172
1767 4460
1831 11
1903 1557
1938 3706
1965 3122
1978 None
1981 3714
1982 152
1994 1505
2031 829
2049 3593
2068 524
2085 3535
2088 3495
2089 None
2092 2223
2101 438
2127 1640
2148 385
2159 720
2164 3381
2169 2742
2171 193
2181 4463
2201 2174
2222 3609
2267 3020
2337 None
2352 3600
2357 4407
2360 1230
2404 6
2407 3134
2429 1591
2440 300
2478 4092
2497 848
2526 1281
2531 405
2552 1546
2553 None
2595 2520
2614 2702
2630 2993
2636 None
2721 3380
2726 4431
2731 2903
2734 None
2748 370
2796 1083
2797 1764
2800 2635
2807 None
2862 2623
2900 4106
2943 1614
2945 None
2961 3494
2984 2377
3053 2016
3056 2611
3098 None
3100 3955
3106 862
3117 1265
3138 2937
3139 1417
3156 1048
3157 4281
3166 2707
3180 4425
3210 3104
3213 None
3214 3845
3228 4535
3238 4183
3249 4326
3271 290
3286 None
3307 None
3343 None
3347 None
3363 4186
3368 None
3391 None
3402 863
3428 3514
3433 4238
3435 2723
3440 1358
3474 2866
3493 662
3498 1709
3543 1710
3589 742
3601 1541
3635 532
3640 195
3648 2432
3740 2585
3746 2187
3774 2311
3796 1935
3854 97
3879 2024
3884 None
3975 2580
3997 3532
3999 2020
4043 1239
4046 2619
4055 None
4083 199
4098 None
4113 2476
4137 1658
4151 1798
4197 2532
4200 210
4225 994
4273 None
4296 787
4298 3164
4332 None
4371 None
4377 2589
4378 None
4386 2261
4425 821
4462 2766
4473 None
4492 2330
4541 323
4554 4366
9 3108
455 1547
1028 None
1052 4250
2279 None
2555 2664
2662 None
2998 None
4198 79
4299 None
4530 None
10 2772
301 None
416 None
601 None
802 None
925 None
937 None
1127 None
1181 None
1298 None
1438 None
1439 None
1506 None
1585 None
1609 None
1610 None
1656 None
1696 None
1729 None
1849 None
1928 None
1936 None
1949 None
1993 None
2017 None
2232 None
2635 None
2640 None
2666 None
2673 None
2689 None
2717 None
2761 None
2965 None
3031 None
3048 None
3158 None
3176 None
3217 None
3229 None
3354 None
3843 None
3845 None
3848 None
3855 None
3948 None
3955 None
3970 None
4149 None
4157 None
4268 None
4336 None
4373 None
4527 None
11 4439
17 2221
39 2696
62 1636
101 1550
103 3257
120 1719
128 2420
153 4165
218 1483
222 3723
223 None
237 613
249 3992
261 3236
276 113
281 4083
298 None
314 3831
322 4011
332 3490
343 1532
368 3904
402 690
435 None
440 351
453 None
531 1065
626 293
638 3506
711 3792
714 4287
721 4451
736 738
747 1040
754 4466
761 None
767 1147
791 3201
801 None
858 1814
863 1042
865 2120
874 822
892 2874
919 None
929 2555
942 None
984 408
991 441
1066 2887
1072 3625
1108 None
1126 None
1148 365
1164 4232
1195 3356
1226 1200
1270 2999
1277 2971
1308 4167
1326 None
1331 2929
1372 3393
1387 2382
1406 4383
1474 3769
1499 3713
1539 4329
1553 3673
1557 110
1571 None
1580 None
1587 4004
1634 4098
1636 207
1648 3765
1665 1848
1702 1445
1757 909
1760 2827
1793 1139
1810 846
1817 4248
1833 1659
1876 1119
1888 124
1957 431
1959 2816
1985 None
2024 1866
2033 359
2036 896
2117 2500
2128 4317
2143 3345
2197 833
2199 1875
2237 2178
2239 1407
2262 None
2284 1177
2291 4339
2327 3889
2338 3947
2362 None
2406 None
2446 4542
2473 895
2507 3275
2513 1283
2517 1135
2520 None
2543 521
2550 None
2551 1134
2586 None
2600 1101
2611 3749
2612 141
2639 1785
2670 3121
2695 249
2697 2170
2760 2394
2791 2159
2842 1989
2871 3066
2881 3458
2894 4459
2913 3837
2940 None
2957 None
2987 None
3012 2266
3018 58
3068 1043
3077 None
3108 1604
3122 457
3137 3348
3173 2782
3205 114
3211 2250
3268 3606
3269 674
3279 None
3280 781
3302 None
3392 1313
3405 4343
3407 4145
3414 1986
3416 1170
3458 1941
3469 1344
3470 1927
3472 558
3475 2856
3490 3283
3499 None
3569 None
3575 None
3613 806
3638 2510
3654 1878
3684 None
3685 2048
3735 3165
3813 1619
3825 537
3832 None
3833 1880
3861 None
3918 None
3919 4445
3923 4118
3925 429
3939 1096
3984 3982
3990 None
4005 None
4012 1724
4035 None
4048 2876
4069 None
4078 None
4096 None
4112 None
4125 None
4129 None
4140 None
4172 None
4203 841
4248 755
4297 None
4389 2472
4407 2407
4451 2731
4479 3423
4480 2543
4496 None
4539 263
4558 2470
12 2594
20 2458
356 None
420 None
1000 None
1544 None
1777 None
1901 None
2278 None
2444 3574
2585 None
2751 None
2753 None
3358 None
3594 None
3596 1542
3799 2135
4145 None
4326 None
4406 None
4435 None
13 3874
89 2992
338 None
384 993
498 4241
740 None
1023 None
1101 3779
1140 4058
1213 3892
1233 1577
1394 548
1504 4360
1572 2031
1668 1797
1776 161
1827 3316
1874 3384
1980 1612
2108 2240
2208 None
2397 3436
2494 2756
2567 3459
2599 None
2669 2628
2757 1460
2793 4475
2970 3829
3185 1508
3212 1306
3260 4276
3382 2995
3419 3456
3599 4351
3634 4086
3677 1290
3956 103
4004 577
4023 105
4229 None
4254 4348
4353 None
4391 2286
4483 2645
4561 2164
127 2434
253 4203
411 2683
528 3661
618 1109
869 631
1036 3329
1315 None
1416 None
1819 3005
1944 None
2061 4109
2095 3445
2165 836
2250 None
2310 None
2466 1734
2598 2617
2729 None
2818 2717
2983 None
3071 None
3580 1641
3737 1208
3927 287
3935 None
4234 None
4352 1665
4361 None
4412 None
4426 4327
4464 None
4488 133
15 271
165 1489
236 None
284 None
288 3058
347 3019
482 1104
586 2788
746 None
855 None
864 2974
979 None
1168 None
1300 None
1450 None
2297 None
2318 None
2465 603
2663 None
3044 None
3092 3975
3251 None
3275 None
3316 None
3323 None
3340 None
3436 None
3536 4491
3761 None
3800 None
3905 2099
3940 None
4041 None
4117 1318
4382 None
4507 None
16 762
117 1035
1105 1300
1674 3395
1954 None
4536 4465
34 2571
151 3612
244 None
247 1373
318 4520
372 1940
556 3043
657 2640
805 3672
841 1938
997 148
1047 2727
1230 3733
1310 3250
1389 None
1402 None
1447 4178
1516 1626
1527 710
1597 289
1655 3037
1708 None
1778 3202
1829 1512
1906 None
2002 3569
2096 2336
2194 865
2218 2398
2227 None
2292 2917
2321 673
2415 1663
2431 418
2436 None
2495 None
2527 975
2581 330
2658 1799
2828 1250
2853 3585
2879 2082
2904 None
2968 None
3080 3848
3110 3053
3126 4067
3200 903
3224 4557
3312 None
3367 94
3393 392
3397 3400
3425 None
3429 None
3431 4211
3587 414
3649 4534
3773 509
3869 669
3908 4283
3983 None
4006 3508
4179 2545
4252 861
18 490
264 None
480 None
567 None
749 None
1481 None
1841 None
1859 None
2149 None
2346 None
2475 None
2587 None
2911 None
3010 None
3342 None
4133 None
4224 None
4413 None
19 3213
300 None
405 828
818 None
827 386
1104 None
1721 644
1926 None
1955 1903
2135 4079
2667 None
3350 2244
3568 None
3951 None
4303 None
4385 1634
4431 3641
44 3894
182 1898
220 None
309 4290
344 None
385 945
763 332
779 None
800 None
820 634
852 None
878 None
938 2006
978 2384
1098 None
1455 4545
1483 None
1685 None
1772 None
1789 773
1925 None
2205 None
2273 956
2323 4216
2393 None
2654 None
2739 None
2788 None
2859 None
2906 2059
3033 None
3073 None
3115 27
3181 None
3189 None
3669 None
3693 753
3754 4048
3826 None
3867 None
3913 3916
4226 None
4233 876
4247 None
4307 2465
4324 1654
4362 3519
4445 None
4446 None
4466 None
21 0
2706 None
22 1706
304 3078
527 None
793 4427
872 None
964 None
1339 None
1477 None
1701 None
2075 None
2355 None
3562 2392
3619 None
3891 4027
23 1649
74 91
110 3056
406 None
701 2374
956 1877
1555 298
1882 None
2361 2232
2385 571
2477 3339
2616 None
2916 None
3143 84
3518 2258
3558 1477
3767 4018
3797 1262
3865 2262
4194 907
24 326
534 3062
985 2228
1016 4263
1045 None
1397 1726
1660 4198
1715 None
2505 801
2880 None
3450 1305
3480 None
3615 None
3962 640
4088 3326
57 4095
209 3382
494 3148
634 2858
833 1913
1119 None
1187 None
1204 474
1788 1189
1897 None
2560 1854
2575 2409
2602 1268
2759 None
2814 2257
2873 None
2886 4255
3273 None
3448 1973
3466 3145
3702 1451
3994 None
4325 661
4415 None
26 3258
59 1410
64 2663
156 1140
180 7
239 971
324 2313
414 2329
432 668
579 933
829 1475
1094 2964
1212 1623
1319 3241
1376 2079
1414 3793
1473 546
1536 4462
1669 1118
1815 4280
1826 2415
1983 None
2041 2163
2043 541
2074 1263
2619 3728
2696 2040
2867 974
2980 2195
3083 2689
3274 3906
3294 1964
3420 464
3608 3739
3836 2891
4061 3938
4087 3731
4119 None
4188 None
4263 3985
4508 1248
4516 428
4550 4384
496 665
895 3785
1090 3197
1322 None
1343 None
1359 None
1443 None
1723 None
1930 None
2152 None
2558 331
2661 None
2687 None
3816 2899
3823 None
3887 2291
3892 3350
3982 306
4317 2400
28 3539
119 4
211 1763
311 None
321 347
329 None
544 3930
590 None
615 4257
665 4336
839 None
1149 4064
1246 None
1328 1032
1365 4206
1431 3899
1513 None
1525 None
1591 None
1679 715
1806 2032
1822 3570
2240 None
2648 1708
2749 1133
2775 4031
2794 4388
3165 None
3295 None
3337 2139
3565 2890
3696 3993
3780 1891
3877 3012
3907 None
4161 4176
4167 3111
4256 None
4315 1697
4337 3027
4355 1627
4369 None
4372 None
4379 None
4513 1493
4548 None
68 4455
93 4184
179 22
395 4021
445 3870
448 None
570 2222
656 None
778 192
1044 2977
1091 None
1103 243
1109 817
1161 4389
1244 1492
1261 None
1264 None
1720 477
1814 1566
1847 4023
1866 1572
2000 3358
2023 4055
2051 1887
2105 None
2188 4344
2192 None
2261 3686
2727 None
2837 3999
2969 3075
3066 3602
3144 1946
3225 None
3232 2341
3234 None
3422 None
3676 1811
3692 None
3824 1757
3841 None
3963 None
4070 2978
4102 None
4127 510
4163 None
4304 None
4346 None
4351 None
4370 3826
4427 3277
4459 2025
206 4487
465 56
515 374
617 375
876 3322
1122 3086
1267 1775
1375 None
1428 1145
1593 4546
1646 178
1673 None
1725 4046
2130 224
2330 319
2365 467
2822 None
2852 1500
3309 3740
3504 2145
3541 1755
3666 1852
3804 None
3828 None
4470 754
38 2688
540 312
1003 2564
1013 None
1649 4010
1722 106
1890 2618
2163 1171
2613 3330
3803 4075
4142 1270
4199 3162
32 615
109 2276
282 None
307 153
551 None
557 None
607 None
666 3881
846 3824
868 606
898 3290
967 None
976 1917
1271 1087
1333 None
1441 3782
1592 None
1620 None
1642 2177
1731 None
1946 None
2030 None
2084 1729
2093 1215
2139 2319
2207 None
2335 None
2504 None
2609 1882
2621 3292
3078 1426
3168 None
3186 None
3301 None
3484 None
3488 3557
3588 None
3600 390
3873 None
3893 None
3957 None
3976 2714
4033 None
4215 None
4220 3335
4271 None
4338 None
4503 None
4506 None
33 2054
229 None
460 None
853 2334
894 2847
2647 None
2762 None
3410 1582
4105 None
210 584
419 2627
513 None
538 1420
709 None
932 None
1048 None
1071 361
1253 3541
1362 2939
1425 None
1435 None
1457 None
1605 549
2016 633
2134 1758
2339 None
2412 None
2607 1276
2890 1389
2979 593
3164 1965
3598 3343
3678 None
3876 None
4024 1432
4044 None
4100 3719
4395 174
4497 None
40 4026
48 573
49 1748
51 2763
61 3259
122 2550
133 2682
147 2245
149 3420
154 3222
183 739
215 1863
241 None
278 None
286 None
306 69
319 None
351 None
358 3453
433 2674
520 4161
524 None
598 3523
635 3580
674 None
689 1069
692 1273
693 3903
785 3031
796 34
810 1853
812 None
840 3318
901 1872
922 None
936 None
951 3291
958 None
1001 726
1032 None
1058 None
1075 1503
1079 None
1160 2518
1165 None
1175 None
1182 1846
1183 686
1192 2915
1227 None
1229 None
1235 556
1268 None
1269 1115
1318 1689
1467 None
1522 3231
1533 None
1651 1509
1687 421
1735 None
1761 538
1763 629
1821 None
1823 None
1851 None
1873 None
1883 387
1913 1092
1951 255
1960 None
1997 3633
2004 2057
2029 2601
2032 2324
2052 4322
2063 3088
2097 1388
2115 1008
2119 3691
2120 1628
2121 2225
2233 None
2343 4034
2351 108
2353 None
2363 3902
2375 1442
2390 None
2395 4126
2430 2526
2459 311
2538 1387
2572 3549
2652 3243
2653 2581
2693 951
2699 2070
2722 151
2733 3655
2738 None
2747 213
2789 2140
2846 None
2848 None
2883 None
2884 1931
2982 None
2985 3394
2997 1647
2999 None
3050 None
3063 1314
3081 None
3105 3613
3159 None
3219 1429
3220 None
3221 2985
3226 4502
3255 None
3270 43
3315 1590
3332 4035
3365 3674
3500 1603
3527 None
3631 None
3643 None
3725 1066
3783 3180
3790 None
3792 None
3807 None
3818 3199
3898 None
3901 None
3929 3412
3954 None
3972 None
3996 4052
4052 None
4054 None
4086 4296
4090 None
4121 3297
4138 None
4146 1020
4183 None
4185 4037
4213 922
4240 None
4242 None
4275 1310
4284 4375
4310 3666
4316 None
4339 None
4347 None
4405 3798
4409 None
4410 4087
4416 4484
4418 2537
4461 None
4484 1761
4485 None
4490 1742
4514 None
4555 None
118 4231
173 1470
628 None
700 None
1528 None
1575 None
1743 None
1812 None
1824 None
2317 3669
2443 None
2457 265
2836 None
3408 None
3809 None
3875 4512
3960 None
4036 1472
4222 None
4238 1253
364 2352
1607 None
2659 1796
2724 None
3979 4056
4531 None
4540 3807
131 449
268 None
308 3129
396 770
431 3932
469 2746
474 None
723 2888
816 149
1057 None
1060 480
1095 2821
1107 None
1116 None
1139 4548
1178 None
1238 None
1248 3766
1409 None
1420 2610
1472 None
1582 None
1675 None
1908 3061
2071 None
2098 None
2158 2379
2179 3838
2257 4128
2368 4013
2418 None
2419 3198
2641 None
2691 None
2707 1677
2764 3430
2833 2955
2902 3919
3041 2027
3054 264
3141 1881
3177 None
3387 2094
3390 2720
3400 1803
3501 None
3566 4097
3572 None
3604 4173
3668 2810
4058 1304
4136 None
4166 None
4235 892
4305 811
86 132
97 4175
140 1357
166 88
197 610
251 127
337 None
355 4379
655 None
717 740
756 2750
803 2938
815 None
983 534
996 3736
1014 1760
1084 None
1124 None
1129 None
1133 1090
1317 None
1445 None
1468 None
1480 None
1498 None
1622 3979
1644 3649
1692 None
1707 None
1768 None
1769 None
1805 977
1852 None
1898 None
1904 4469
1962 3747
2079 None
2180 2046
2195 None
2228 1741
2234 None
2235 2579
2295 None
2332 None
2344 2166
2400 2860
2496 3054
2542 None
2656 None
2770 None
2783 4479
2870 None
2875 None
2910 None
2923 None
3036 3834
3277 None
3306 2482
3373 None
3374 None
3380 None
3396 None
3446 1148
3560 None
3583 3710
3628 None
3661 4218
3726 None
3747 None
3844 None
3862 3595
3882 None
4084 3094
4103 None
4259 2321
4330 2843
4398 1869
4432 2632
4551 1190
66 2184
273 None
331 None
525 None
541 None
610 None
647 None
837 None
999 None
1115 None
1153 None
1327 None
1488 None
1489 None
1532 None
1616 None
1690 None
1804 None
1828 None
2025 None
2034 None
2047 None
2056 2371
2091 None
2371 None
2445 None
2476 None
2493 None
2541 None
2563 None
2597 None
2605 None
2631 None
2638 None
2743 None
2746 None
2864 None
2874 None
2897 None
3061 None
3119 None
3124 None
3248 None
3326 None
3462 None
3528 None
3626 None
3786 None
3928 None
4020 None
4047 None
4126 None
4309 None
4519 None
41 997
257 None
316 None
1242 None
2059 None
2176 None
3259 None
3787 None
4343 None
42 3940
95 2660
673 None
1100 None
1434 None
1485 1713
1807 626
2122 None
2510 None
2554 None
2732 1377
2992 None
3013 1929
3059 2388
3227 None
3296 None
3395 None
3398 None
3748 728
4287 714
43 2970
305 1312
315 None
439 3804
523 65
848 3949
1144 4112
1659 814
1794 None
1809 2624
1927 None
2066 None
2167 None
2172 None
2314 1369
2674 3249
2685 158
2821 2967
3140 378
3266 3357
3308 1347
3686 542
3722 None
76 4382
104 3089
195 1896
245 None
608 None
1123 None
1150 None
1166 None
1199 None
1755 None
1858 2954
2050 2190
2294 1841
2515 None
3062 None
3079 None
3418 1831
3427 None
3578 None
4077 None
4152 4275
4365 None
4402 4202
4560 None
45 3158
121 2318
271 2608
366 1179
377 None
413 None
425 None
459 None
599 None
632 2952
639 None
718 3819
1260 1341
1341 3209
1471 None
1563 1123
1785 2335
1885 4304
2011 550
2129 1144
2168 None
2204 2210
2212 1309
2421 None
2452 2767
2499 3695
2570 1568
2623 None
2804 None
2863 None
2921 2162
3257 None
3547 None
3687 239
3810 None
4080 None
4111 None
4159 1939
4196 None
4399 None
46 2514
138 112
200 826
334 None
438 None
529 None
850 None
903 None
1088 3048
1306 None
1345 None
1448 None
1943 None
2116 None
2643 None
2926 None
2934 None
2960 None
3019 None
3357 None
3404 None
3529 None
3694 None
3771 None
3904 None
3988 None
4176 None
4340 None
4397 None
4468 None
47 2429
518 None
690 None
934 2621
1586 None
1608 None
1653 None
1968 4105
2755 None
3011 4141
3244 4554
4060 482
4392 None
90 2080
130 1385
381 None
434 3636
444 19
561 1583
600 3772
698 284
760 146
843 1480
960 None
1012 None
1061 4562
1202 2014
1433 None
1446 143
1478 1236
1676 None
1691 575
1746 2289
1795 3331
1912 1450
1948 None
1966 None
2145 55
2249 4139
2413 2566
2484 2965
2603 2345
2692 2691
2779 17
2893 None
2909 4442
2930 3562
3109 16
3355 3501
3612 1081
3658 None
3768 3072
3864 1692
3896 609
4008 4406
4276 None
4349 4286
4374 None
4465 1023
4522 420
277 None
346 1777
484 4498
631 None
890 2175
1004 None
1063 2052
1329 2000
1419 2421
1494 1168
1628 None
1818 3821
1915 None
2060 4207
2136 919
2263 None
2325 None
2498 3178
2519 None
2845 None
2941 2152
2953 None
2991 None
3037 None
3192 None
3293 None
3317 None
3479 None
3763 None
4045 2546
4081 None
4246 4438
4535 581
50 2792
412 None
505 None
643 None
667 2220
706 None
772 None
911 None
1092 None
1097 None
1285 None
1340 None
1358 None
1479 None
1519 None
1524 None
1694 None
1734 None
2258 None
2315 None
2460 None
2576 4342
2740 None
2750 None
2829 None
2889 4249
2932 None
3005 None
3043 None
3111 3410
3510 None
3593 None
3762 None
3889 None
3912 None
4101 None
4201 1980
4366 3809
4452 None
146 2540
566 1770
678 2584
906 None
1355 1600
1739 None
1744 None
1986 1819
1989 None
1991 None
2170 None
2274 None
2556 None
3310 1834
3531 None
3974 None
52 2128
404 None
677 2454
764 None
1451 1340
1889 None
2015 None
2183 None
2872 3734
2963 2036
3320 None
3334 3808
3607 None
3711 None
3757 1949
53 1015
79 3820
102 3399
158 304
207 1728
477 None
583 2924
624 None
889 2878
893 None
972 67
1031 3294
1141 None
1171 3385
1225 2861
1545 240
1550 None
1613 None
1666 None
1736 3960
1781 None
1825 2905
1850 None
2073 2565
2254 478
2255 None
2299 447
2340 988
2341 3954
2405 576
2409 None
2546 4473
2606 1368
2620 2158
2677 4493
2763 None
2780 5
2955 2038
3150 None
3171 2569
3184 3974
3353 2684
3461 503
3483 None
3520 2892
3629 303
3659 3965
3727 2199
3842 4334
4062 None
4116 1181
4214 2647
4230 31
4249 3952
4448 2101
54 4063
152 4150
578 None
1952 None
2381 None
2424 None
3769 3102
4053 None
4411 None
55 1067
897 None
939 2149
994 None
2082 None
2946 2111
56 72
1266 None
3107 None
3311 None
4312 None
83 2255
84 455
256 1909
326 419
327 None
369 None
383 None
408 None
464 1414
539 None
603 None
614 None
649 None
845 4533
860 None
1284 3366
1316 4041
1334 None
1424 None
1453 None
1523 None
1779 None
2054 None
2260 854
2287 3013
2358 None
2450 4000
2768 1997
2882 None
3002 None
3058 136
3201 3950
3304 None
3540 168
3576 None
3718 1288
3838 None
3931 None
4135 None
4164 2622
4189 138
4293 4333
4517 1707
4529 None
100 3702
350 4385
660 None
1752 2422
1877 1193
3968 602
4144 3861
4414 1802
60 3583
697 None
710 None
1096 None
1276 None
1281 None
1716 None
1738 None
2528 None
3381 None
226 1497
238 659
274 1520
354 3665
478 2385
591 2894
672 1299
1688 775
2076 1651
2230 None
2266 1530
2302 None
2441 3311
2590 None
2958 1783
3495 None
3591 1286
3698 2851
3947 1617
4202 None
4210 1809
4489 2348
4547 2875
157 4434
188 3026
214 1810
265 3833
388 1308
407 763
409 2719
1083 823
1681 None
3325 2834
4255 None
4417 2323
63 1968
819 None
1900 None
2574 None
4384 None
1040 2573
1325 None
1430 None
1846 3977
2610 1516
2719 4246
3656 None
4341 None
4363 2306
65 1753
111 3788
129 3362
292 651
1039 None
1156 1586
1353 None
1390 None
1717 1138
1899 1738
2391 None
3045 1010
3133 2828
3509 3540
3645 2049
4285 None
123 2841
280 None
456 None
558 None
645 None
751 None
1292 None
1584 None
1750 None
1756 None
1905 None
1935 None
1937 None
2039 None
2245 None
2313 None
2472 None
2562 None
2665 None
2887 None
2988 None
3097 None
3333 None
3415 None
3519 None
3532 None
3791 None
3915 None
4165 None
4434 None
67 3678
842 None
1976 3748
2694 2781
4502 1334
234 None
787 None
918 3816
980 None
1732 None
2083 1836
2617 1762
3132 None
3503 1395
4095 4415
69 2528
4243 None
70 3293
401 None
867 None
2735 None
3650 None
4476 None
71 1893
75 2744
184 217
403 3424
653 1937
716 717
774 None
821 None
828 None
1002 1993
1623 None
1664 None
1728 1491
1802 None
1854 None
2190 None
2236 None
3123 4239
3160 1107
3556 None
3577 3928
3920 None
4241 None
4559 None
72 3106
297 None
468 None
472 None
676 3853
966 None
1386 None
1502 None
2220 None
2225 None
2865 None
3026 None
3720 None
3847 None
3874 None
3914 None
4290 None
4364 None
73 2803
162 1277
193 3398
342 None
398 None
835 None
921 None
975 None
1179 None
1245 None
1254 2095
1283 None
1297 None
1312 None
1385 2215
1626 518
1647 1910
1880 None
1894 None
1939 None
2126 912
2286 None
2311 None
2331 3692
2442 965
2624 None
2650 None
3254 1479
3426 None
3468 None
3544 1363
3683 None
3860 None
4528 3565
503 2096
530 2587
795 None
806 3244
866 None
1466 None
2078 235
2103 None
2277 None
2868 None
3187 None
3338 None
3439 None
3553 3188
174 2042
181 2747
254 470
1641 1019
2058 None
2264 1982
2290 4099
2532 None
2877 None
3285 591
3389 2017
4107 3434
4308 None
124 776
879 None
1350 None
1551 970
1583 4397
1714 2578
2402 None
2684 None
2725 None
3047 687
3236 None
3318 None
4186 None
4237 None
77 33
400 2941
621 3577
1320 None
1529 None
2020 None
3250 None
3886 579
4063 None
4279 1453
4367 None
255 None
380 2659
495 2516
1027 None
1337 1670
1495 3751
1509 None
1562 None
1682 327
1718 None
2535 4355
3362 1251
3530 None
3707 None
3733 1102
3946 None
3952 None
4329 None
4475 None
1461 None
1914 166
3149 None
4356 None
80 2453
548 None
1444 None
2013 None
81 1044
739 None
912 None
1064 None
1552 None
1774 None
2792 None
3369 None
4195 None
82 147
185 2984
553 2562
1169 None
1595 None
2388 2351
2723 None
378 None
447 None
1125 None
1371 None
1706 None
1783 None
1863 None
3004 None
3017 None
3336 None
3406 2198
3899 None
4115 3477
4180 None
4277 None
144 2450
1232 None
1698 None
2112 None
2601 None
2905 None
2974 None
3330 None
3897 None
4168 None
176 335
473 3160
588 None
856 3374
917 1978
959 None
988 959
2307 None
2386 None
2503 None
2626 None
2774 None
3134 393
3674 2457
4181 4120
4422 1351
1216 None
1442 None
1475 None
1941 1744
2408 None
2483 1279
3516 2130
1336 1022
2915 None
88 1028
91 2823
168 1463
169 2447
196 2161
208 4470
233 None
267 None
270 None
285 None
341 None
390 None
554 None
563 None
564 None
604 None
605 None
616 None
627 None
654 None
658 None
743 None
757 None
770 None
814 None
830 None
887 None
899 None
910 None
1078 None
1093 None
1220 None
1239 None
1294 None
1304 None
1313 None
1429 None
1458 None
1526 None
1588 None
1654 None
1713 None
1884 None
1929 None
1953 None
2035 None
2037 None
2070 None
2185 None
2196 None
2288 None
2359 None
2376 None
2529 None
2559 None
2582 None
2594 None
2660 None
2736 None
2754 None
2758 None
2773 None
2876 None
2888 None
2962 None
2993 None
3020 None
3030 None
3060 None
3086 3671
3120 None
3199 None
3222 None
3265 None
3281 None
3481 None
3513 None
3550 None
3701 None
3781 None
3863 None
3945 None
3981 None
4108 None
4155 None
4232 None
4239 None
4251 None
4266 None
4319 None
4429 None
4438 None
4442 None
4493 None
4495 None
4499 None
4524 None
2319 4458
3051 2242
3292 None
4261 1238
4433 None
213 3064
577 780
1566 None
2435 None
2700 611
2989 4395
3099 339
3170 None
3491 None
3630 835
3713 None
3732 None
3777 None
4132 3369
221 None
741 276
2939 None
3689 None
4260 None
92 266
1370 None
1869 None
2001 None
2247 None
3487 None
3533 None
3637 2947
3859 None
3878 None
4050 2794
106 2981
275 None
555 None
606 None
1080 None
1112 3373
1401 None
1436 None
1627 None
1671 None
1911 3934
2226 None
2301 553
2715 None
2918 None
3467 567
4510 None
4526 782
4542 None
94 2041
907 3817
993 693
1022 None
1205 None
2081 585
2153 None
3131 1068
3755 2755
4546 3363
143 1254
3087 None
3154 4483
96 2416
112 4096
114 810
187 1013
242 None
246 None
313 None
352 None
375 None
394 None
417 None
426 None
510 None
512 None
594 None
652 None
685 None
702 None
707 None
719 None
725 None
794 None
823 None
838 None
888 None
955 None
1053 None
1142 None
1157 None
1188 None
1240 None
1243 None
1251 None
1290 None
1323 None
1374 None
1500 None
1507 None
1561 None
1719 None
1759 None
1775 None
1787 None
1790 None
1800 None
1813 None
1878 None
1895 None
1917 None
1999 None
2003 None
2057 None
2113 None
2133 None
2193 None
2214 None
2248 None
2347 None
2356 None
2389 None
2479 None
2480 None
2485 None
2698 None
2860 None
2972 None
3055 None
3069 None
3145 None
3182 None
3190 None
3194 None
3233 None
3243 None
3287 None
3335 None
3352 None
3356 None
3413 None
3455 None
3542 None
3573 None
3651 None
3655 None
3675 None
3778 None
3801 None
3806 None
3978 None
4037 None
4059 None
4092 None
4122 None
4227 None
4258 None
4357 None
4419 None
4450 None
4453 None
4478 None
4491 None
260 1523
1162 346
3006 None
3064 None
3203 1681
3298 None
3409 None
4056 None
4074 None
4253 837
135 3033
178 3715
216 3758
272 None
290 None
349 None
387 None
430 None
546 None
547 None
559 None
585 None
691 None
696 None
724 None
732 None
748 None
765 None
798 None
1019 23
1219 None
1228 None
1288 None
1378 None
1380 None
1437 None
1440 None
1459 None
1630 None
1733 None
1797 None
1798 None
1844 None
1956 None
2008 None
2053 None
2086 None
2090 None
2251 None
2271 None
2275 None
2326 None
2329 None
2378 None
2399 None
2433 None
2451 None
2564 None
2591 None
2668 None
2702 None
2843 None
2885 None
2995 None
3008 None
3074 None
3095 None
3104 None
3178 None
3208 None
3239 None
3252 None
3297 None
3441 None
3449 None
3505 None
3526 None
3595 None
3712 None
3814 None
3821 None
3903 None
3930 None
4038 None
4106 None
4175 None
4205 None
4295 None
4376 None
4394 None
4424 None
99 2511
2027 None
2533 None
3235 None
466 847
1538 None
2161 2849
2557 None
2683 None
4082 4511
4169 None
175 2504
708 None
727 None
729 None
962 2281
1505 None
1564 None
1780 None
1921 None
2280 None
2304 None
2345 2417
2642 None
2681 1840
2772 None
2834 None
3241 614
3424 4538
3749 None
3851 None
4322 None
4375 None
4501 None
4552 None
488 None
2010 None
2799 2936
730 None
1338 1165
1857 None
1979 None
2216 None
1257 None
1274 None
1289 None
1369 None
1625 None
1801 None
1811 None
2111 None
2244 None
2634 None
2777 None
2786 None
3197 None
3204 None
3289 None
3667 None
3714 None
4019 None
4171 None
105 4261
3003 None
485 1000
508 4262
1548 220
1861 1864
1988 187
2203 3427
3622 2185
4383 3882
107 3153
113 1321
177 2956
374 None
436 None
873 2588
957 None
1357 None
1535 None
1558 None
1573 None
1663 None
1958 None
1992 None
1996 2050
2644 None
2849 None
2976 None
3723 2307
3911 None
3932 2515
4042 None
4143 None
4323 None
4333 None
108 4474
705 None
1796 None
362 None
576 None
662 None
735 None
1158 None
1454 None
1501 None
1556 None
1942 None
1984 None
2109 None
2675 None
2819 None
2841 None
3559 None
4001 None
4217 None
4518 None
219 None
235 None
365 None
446 None
684 None
731 929
781 4369
789 None
883 None
1152 2347
1250 None
1303 None
1830 None
2703 None
3035 None
3057 None
3136 None
3561 None
3729 None
4018 4494
668 872
786 None
1753 None
1754 None
2132 None
3672 None
3704 2699
4120 3869
376 None
849 None
1042 None
1368 None
1896 None
2219 None
2380 None
3476 None
3485 None
3597 None
4302 None
186 3323
1456 None
1470 724
1603 None
1835 None
1972 None
2062 None
2087 None
2420 3599
2676 None
2701 None
3276 None
3502 3620
3602 None
4109 None
4381 None
592 None
682 None
1110 None
1263 None
1672 None
2206 None
2925 None
3246 None
3348 None
3673 None
3695 None
3766 None
3980 None
4040 None
4454 None
115 4144
328 4448
1151 None
1231 None
1791 None
2221 None
2767 None
2782 None
2892 None
2996 None
3088 None
3125 None
3230 None
167 3364
294 None
303 None
391 None
479 None
532 None
784 None
811 None
859 None
891 None
920 3756
935 None
1191 None
1211 1449
1252 None
1367 None
1632 None
1689 None
1748 None
2019 2572
2022 None
2040 None
2064 None
2102 1892
2140 200
2238 1285
2439 None
2458 None
2627 None
2655 None
2664 None
2682 None
2825 None
2922 None
3089 None
3482 None
3581 None
3584 None
3779 2340
3856 None
3883 None
4244 2832
4301 None
4388 2097
4477 1948
4511 None
212 3473
1056 4162
1629 None
1773 2758
759 None
2014 None
501 None
1029 3986
1255 1362
1742 None
2099 None
2781 2925
2933 None
3938 416
442 4432
981 3660
987 None
1155 376
1176 None
1704 None
1834 None
2272 599
2474 None
3261 1030
3322 64
4160 None
4342 None
4471 63
487 None
545 None
581 None
648 3859
1077 None
1286 None
1534 None
2805 2633
3756 None
470 None
497 None
832 None
1601 None
1645 3815
1741 None
1842 3628
2256 None
2471 None
2492 None
2548 None
3324 None
3341 None
3437 None
3521 None
3633 None
3758 None
3794 None
4182 None
4354 None
2447 None
2929 None
3147 None
4207 None
4443 None
4463 None
509 None
536 None
651 None
2486 None
3492 None
148 3537
1011 1302
1427 76
3423 2271
3549 None
194 185
720 4437
831 3280
861 513
952 3195
989 None
1218 1424
2269 1897
2522 4166
2593 None
2927 4219
3148 1339
3743 None
519 None
613 None
1138 None
1349 None
1920 None
2826 None
3151 None
3657 None
3817 None
3858 None
3880 None
3937 None
4065 None
4294 None
4456 None
2038 3042
2709 None
2851 None
3609 1400
3822 2204
428 3561
4282 None
132 2060
389 None
170 1620
262 None
517 41
948 None
1067 None
1493 None
1614 None
2012 None
2518 None
2813 None
3163 None
3688 None
3831 None
3834 None
4212 None
4288 None
4404 None
134 1578
189 1837
217 None
291 None
295 None
422 None
737 None
971 None
1074 None
1200 None
1514 None
1617 None
2832 None
3284 None
3443 None
3802 None
4505 None
136 2091
2394 None
137 3271
248 None
753 563
1891 None
3025 None
3339 None
3463 3855
4123 None
139 3596
2959 None
141 1062
205 3093
2803 None
3647 None
3798 None
4250 None
4504 None
160 928
320 2968
373 3647
1348 667
1518 None
1703 3584
1709 None
2055 None
2131 None
2157 None
2265 3546
2285 None
2908 4006
2937 None
3034 None
3237 2900
4281 1691
421 None
1021 3693
1511 None
2202 None
2686 855
3764 None
4156 None
145 1452
1916 None
3327 None
500 None
1870 None
1892 None
2005 None
3103 None
3253 None
3444 None
3515 None
1570 None
1621 None
1637 None
2936 None
3514 None
2334 None
2539 None
3014 2556
552 None
1491 None
1765 None
2217 None
2364 None
2899 None
3028 None
3128 None
3403 936
4267 None
742 None
783 1319
2253 None
155 4003
3665 None
3040 None
231 None
1173 1952
1413 2606
1977 None
3571 1037
230 None
1379 None
1931 None
2308 749
2544 None
3944 None
4174 None
568 None
1302 None
2125 None
2155 None
2712 None
4034 None
4190 None
522 None
644 None
2252 None
3805 1237
4118 None
161 4101
836 None
2312 None
3603 None
4178 None
4221 None
323 None
1010 None
1134 1894
1305 None
1836 None
1879 None
2524 None
2785 None
2854 None
3206 None
3359 None
3917 None
4030 None
163 3511
367 None
715 None
1050 None
1638 None
1639 4049
2021 None
2861 None
3152 None
3346 None
3496 None
3811 None
3885 None
3985 None
4380 None
164 2698
3371 None
3546 None
4009 None
458 None
2224 2711
3730 None
225 None
755 None
769 355
1185 None
1484 1782
2162 2212
2296 None
2839 None
2924 None
2967 None
3506 None
3534 None
3703 None
3739 None
4027 None
4148 None
990 None
1113 None
1170 None
1546 None
1737 None
2137 None
2316 None
2437 None
2580 None
2730 None
2994 None
3921 None
4444 None
4469 None
713 None
1069 None
1234 None
1487 None
1521 None
1574 None
1770 None
2322 None
2566 None
3738 None
224 None
171 3857
386 None
415 None
1463 None
1503 None
1839 None
2977 None
3345 None
451 3092
970 None
995 119
1845 None
3198 None
4320 2523
4455 None
4532 1851
886 None
2798 None
4437 None
799 None
885 None
1190 None
1848 None
2956 1326
4472 None
353 3285
1560 705
2184 3654
2414 2473
3557 None
3611 None
3632 2423
3664 None
3670 1234
3973 4365
4014 2069
1677 None
4032 None
2688 None
2705 None
3680 None
807 None
1568 None
2123 None
2231 None
2241 None
2328 None
2831 None
3563 None
4280 None
4401 None
1249 None
2006 None
1624 None
1782 None
2625 None
2690 None
3411 2765
4068 None
973 None
1332 2093
1599 None
2966 None
3027 None
3067 None
4028 None
4029 None
914 None
1452 None
2209 None
2765 None
1462 None
1547 None
1670 None
2200 None
2384 None
3742 None
190 2121
3360 None
3524 None
3840 None
227 None
191 3884
3331 None
857 None
944 None
3329 None
1038 None
1132 None
1581 None
1875 None
2138 None
2571 None
3849 None
2449 None
3465 None
198 2818
569 None
199 804
441 None
1590 None
2142 None
201 677
202 901
923 None
2246 None
2468 None
3016 None
3116 None
3196 None
3432 None
3789 None
584 None
1007 None
2144 None
2453 None
2742 None
3009 None
3388 None
4331 None
4482 None
679 None
1259 None
1497 None
1054 383
1237 None
2971 None
3460 None
4430 None
2903 None
1418 None
2525 None
3820 None
880 None
1600 None
3319 None
3660 None
977 None
1792 None
1393 None
2907 None
3690 None
392 None
622 None
2588 None
4093 None
1223 None
1347 None
3846 None
2942 639
2464 191
3223 None
228 None
483 None
3967 None
3278 None
4460 None
2711 None
232 None
1803 None
766 None
792 None
1070 None
2100 None
2324 None
2840 None
4520 None
2080 None
2392 None
3240 None
3375 None
345 None
704 None
2604 None
3464 None
3819 None
4071 None
2448 None
2508 None
3731 None
3032 None
3161 None
1046 None
1745 None
1615 None
2578 None
3183 None
1695 None
2403 None
2589 None
3653 None
3699 2642
4494 None
619 None
664 None
3606 None
575 None
2182 None
2802 None
2951 None
450 None
572 None
712 None
738 None
904 None
1041 None
1130 None
1196 None
1262 None
1373 None
1710 None
1963 None
2530 None
2745 None
2769 None
2784 None
2795 None
2866 None
3114 None
3361 None
3512 None
3525 None
3605 None
3890 None
4289 None
4400 None
4421 None
4544 None
2850 None
597 None
1392 None
2187 None
3142 None
4141 None
1541 None
3174 46
1247 None
2354 None
2679 None
2830 None
252 None
4549 None
636 None
4216 None
4257 None
813 None
1278 None
3775 None
593 None
642 None
680 None
1423 None
2009 None
2281 None
2350 None
2680 None
4039 None
258 None
259 None
279 None
560 None
1143 None
2018 None
2411 None
2423 None
2716 None
3627 None
750 None
1055 None
2141 None
2349 None
3456 None
4007 None
992 None
1405 None
1856 None
3024 None
263 None
4066 None
661 None
2186 None
3545 None
3706 None
1569 None
1855 3867
2305 None
2637 None
3564 None
4057 None
2065 None
2425 None
4211 None
4423 None
986 None
1163 None
2072 None
3507 None
3900 None
3772 None
4208 None
4262 None
4269 None
3770 None
3959 None
4387 None
2710 None
1711 None
3644 None
533 None
361 None
2372 None
1324 None
2713 None
3926 None
2175 None
3303 None
3652 None
3808 None
3872 None
4114 None
4441 None
745 None
844 None
1180 None
2387 2709
511 None
549 None
1085 None
1923 None
2348 None
2438 None
2808 None
4153 None
4170 None
4553 None
283 None
397 None
780 None
1207 None
1356 None
3084 None
3760 None
4085 None
3812 None
3682 None
4218 None
287 None
1275 None
2342 None
3401 None
1784 None
1932 None
3029 None
3871 None
4022 None
293 None
1258 None
1862 None
3453 None
3868 None
908 None
945 None
1460 None
1508 None
2891 None
296 None
1344 None
3625 None
2645 None
3895 None
336 None
2628 None
3909 None
4420 None
4500 None
2462 None
2944 None
3267 None
4306 None
1087 None
1540 None
3586 None
4311 None
423 None
982 None
1005 None
1068 None
1678 None
1940 None
2608 None
4390 None
302 None
4486 None
4025 None
4270 None
3579 None
4327 None
625 None
2523 None
2806 None
3179 None
310 None
870 None
1486 None
3216 None
3961 None
4283 None
463 None
1596 None
1838 None
943 None
1469 None
3788 None
3949 None
4436 None
1837 None
3614 None
4272 None
1661 None
2569 None
2106 None
4481 None
2973 None
2718 None
3592 None
3969 None
670 None
611 None
2954 None
3784 None
620 None
722 None
1407 None
3349 None
3943 None
4067 None
1335 None
4002 None
4525 None
2118 None
2469 None
3046 None
4187 None
339 None
1147 None
2383 None
340 None
1432 None
2270 None
2584 None
2651 None
4206 None
3646 None
2481 None
4538 None
3001 None
1043 None
3091 None
3691 None
348 None
2855 None
2778 None
565 None
1279 None
3585 None
3090 None
357 None
1918 None
359 None
629 None
360 None
862 None
3721 None
4335 None
363 None
1114 None
2432 None
2720 None
1364 None
1537 None
2744 None
3000 None
4124 None
4557 None
399 None
3370 None
4292 None
4110 None
3129 None
3744 None
4017 None
3299 None
4000 None
4134 None
4177 None
3934 None
2565 None
3548 None
4130 None
3153 None
1301 None
3245 None
3708 None
3924 None
1034 None
2467 None
3523 None
4204 None
4291 None
4474 None
382 None
410 None
776 None
3399 None
788 None
4219 None
4150 None
4192 None
4458 None
630 None
2573 None
2577 None
4360 None
2045 None
3451 None
663 None
1417 None
437 None
1747 None
542 None
4245 None
4286 None
1193 None
3555 None
3457 None
3933 None
550 None
1764 None
2042 None
3231 None
3950 None
1089 None
3290 None
3852 None
4396 None
675 None
1893 None
2790 None
3719 None
4051 None
1382 None
1554 None
3112 None
427 None
429 None
2189 None
2981 None
3256 None
768 None
1330 None
1843 None
2067 None
3247 None
3288 None
3830 None
969 None
1059 None
4128 None
3866 None
3364 None
1465 None
4512 None
817 None
452 None
1950 None
2547 None
2878 None
3639 None
2370 None
3075 None
3113 None
3023 None
1699 None
461 None
1705 None
462 None
1346 None
1517 None
582 None
1118 None
3076 None
3728 None
2858 None
4147 None
471 None
2914 None
681 None
3155 None
2427 None
481 None
589 None
1361 None
2276 None
2396 None
2895 None
3827 None
4328 None
490 None
491 None
3378 None
493 None
3750 None
499 None
1381 None
502 None
2154 None
2622 None
2817 None
1799 None
3752 None
2482 None
2243 None
4393 None
514 None
2198 None
3118 None
1184 None
1749 None
1924 None
2223 None
3471 None
2211 None
521 None
4403 None
1686 None
2917 None
2978 None
1131 None
3007 None
3215 None
526 None
1871 None
4223 None
537 None
2823 None
926 None
2434 None
4075 None
4131 None
4158 None
3372 None
3314 None
4154 None
1412 None
2300 None
2964 None
1662 None
2741 None
4193 None
2568 None
686 None
1404 None
2114 None
2490 None
790 None
2366 None
4467 None
3447 None
1973 None
573 None
1543 None
2151 None
2615 None
2896 None
881 None
2646 None
3093 None
3958 None
1961 None
3121 None
587 None
2561 None
2787 None
3135 None
2150 None
3477 None
3902 None
2077 None
1482 None
3385 None
2417 None
637 None
1388 None
3394 None
3724 None
602 None
1619 None
3022 None
1853 None
4274 None
2812 None
3618 None
3782 None
2671 None
949 None
3535 None
2373 None
4439 None
1120 None
1652 None
1421 None
3850 None
3942 None
641 None
4318 None
1650 None
1520 None
3082 None
659 None
3207 None
3765 None
1579 None
1033 None
1062 None
3993 None
3328 None
1496 None
2293 None
2540 None
3610 None
3642 None
4509 None
2501 None
683 None
2950 None
4345 None
4562 None
2283 None
2428 None
3430 None
2369 None
3263 None
1635 None
1907 None
4300 None
1360 None
2470 None
3376 None
1006 None
1492 None
1515 None
2333 None
3049 None
3094 None
4359 None
733 None
1832 None
1990 None
3663 None
2410 None
3906 None
954 None
4278 None
804 None
1197 None
2844 None
4447 None
4457 None
758 None
4076 None
1700 None
762 None
1934 None
1287 None
771 None
3517 None
2146 None
2919 None
775 None
2268 None
3258 None
1186 None
782 None
1549 None
1947 None
2801 None
4104 None
3710 None
884 None
3384 None
2838 None
822 None
2242 None
3870 None
2672 None
4049 None
834 None
3991 None
2901 None
2160 None
851 None
2210 None
4099 None
1868 None
871 None
3434 None
1987 None
909 None
913 None
4321 None
924 None
930 None
2835 None
940 None
2382 None
3272 None
947 None
1995 None
4265 None
1567 None
961 None
3264 None
3717 None
968 None
974 None
3995 None
1189 None
1964 None
3837 None
3283 None
1024 None
1820 None
3191 None
1400 None
2928 None
4521 None
4314 None
1384 None
1076 None
3554 None
1081 None
1082 None
3344 None
3922 None
2422 None
3282 None
3964 None
3574 None
1111 None
1758 None
2487 None
1136 None
1137 None
4487 None
3986 None
4079 None
2935 None
2416 None
2737 None
2857 None
2704 None
1177 None
1203 None
1658 None
2191 None
3146 None
1256 None
2824 None
2259 None
1282 None
1291 None
1295 None
2649 None
1314 None
2104 None
4191 None
1351 None
1352 None
3616 None
1354 None
1366 None
4498 None
3888 None
4091 None
1396 None
1408 None
1598 None
1426 None
3262 None
2048 None
3497 None
1602 None
1530 None
1730 None
1559 None
4013 None
2215 None
1589 None
1594 None
1640 None
1611 None
1618 None
2166 None
4440 None
4173 None
1633 None
3681 None
3700 None
1667 None
1684 None
1945 None
1697 None
3511 None
3300 None
2629 None
4162 None
3624 None
2426 None
1762 None
2898 None
3351 None
3753 None
3551 None
3795 None
1808 None
2147 None
2534 None
2592 None
1970 None
1933 None
3175 None
1998 None
4097 None
2069 None
2094 None
2306 None
2618 None
3202 None
3021 None
3291 None
2173 None
3377 None
2771 None
2289 None
4408 None
2303 None
3052 None
2633 None
3987 None
2488 None
3815 None
3209 None
2657 None
3486 None
2756 None
2766 None
2816 None
3242 None
3038 None
2947 None
3617 None
3910 None
4428 None
3169 None
3188 None
3445 None
3715 None
3489 None
3386 None
3442 None
4543 None
3709 None
3759 None
3998 None
